##FastQC	0.11.5
>>Basic Statistics	pass
#Measure	Value
Filename	SRR032151.fastq
File type	Conventional base calls
Encoding	Sanger / Illumina 1.9
Total Sequences	7154944
Sequences flagged as poor quality	0
Sequence length	35
%GC	51
>>END_MODULE
>>Per base sequence quality	fail
#Base	Mean	Median	Lower Quartile	Upper Quartile	10th Percentile	90th Percentile
1	22.0	22.0	22.0	22.0	22.0	22.0
2	22.0	22.0	22.0	22.0	22.0	22.0
3	22.0	22.0	22.0	22.0	22.0	22.0
4	22.0	22.0	22.0	22.0	22.0	22.0
5	22.0	22.0	22.0	22.0	22.0	22.0
6	22.0	22.0	22.0	22.0	22.0	22.0
7	22.0	22.0	22.0	22.0	22.0	22.0
8	22.0	22.0	22.0	22.0	22.0	22.0
9	22.0	22.0	22.0	22.0	22.0	22.0
10	22.0	22.0	22.0	22.0	22.0	22.0
11	22.0	22.0	22.0	22.0	22.0	22.0
12	22.0	22.0	22.0	22.0	22.0	22.0
13	21.880088788954883	22.0	22.0	22.0	22.0	22.0
14	21.879781868313714	22.0	22.0	22.0	22.0	22.0
15	21.85062300976779	22.0	22.0	22.0	22.0	22.0
16	21.845531285779455	22.0	22.0	22.0	22.0	22.0
17	21.841149141069447	22.0	22.0	22.0	22.0	22.0
18	21.835897807166624	22.0	22.0	22.0	22.0	22.0
19	21.85002342436223	22.0	22.0	22.0	22.0	22.0
20	21.84640620527568	22.0	22.0	22.0	22.0	22.0
21	21.845517449193174	22.0	22.0	22.0	22.0	22.0
22	21.835178304679953	22.0	22.0	22.0	22.0	22.0
23	21.83474587641776	22.0	22.0	22.0	22.0	22.0
24	21.810994467601702	22.0	22.0	22.0	22.0	22.0
25	21.785072112374326	22.0	22.0	22.0	22.0	22.0
26	21.77489537304555	22.0	22.0	22.0	22.0	22.0
27	21.77033223460589	22.0	22.0	22.0	22.0	22.0
28	21.746467477593114	22.0	22.0	22.0	22.0	22.0
29	21.721810680838313	22.0	22.0	22.0	22.0	22.0
30	21.70820568267201	22.0	22.0	22.0	22.0	22.0
31	16.55703566652653	17.0	17.0	17.0	16.0	17.0
32	16.557445872392574	17.0	17.0	17.0	16.0	17.0
33	16.538887935391248	17.0	17.0	17.0	16.0	17.0
34	16.458198414970123	17.0	17.0	17.0	16.0	17.0
35	16.40899146100934	17.0	17.0	17.0	15.0	17.0
>>END_MODULE
>>Per tile sequence quality	pass
#Tile	Base	Mean
1	1	0.0
1	2	0.0
1	3	0.0
1	4	0.0
1	5	0.0
1	6	0.0
1	7	0.0
1	8	0.0
1	9	0.0
1	10	0.0
1	11	0.0
1	12	0.0
1	13	-0.03134653785969377
1	14	-0.04520930171844739
1	15	-0.11603272330810199
1	16	-0.142547755956695
1	17	-0.09070470615546
1	18	-0.03515916388431961
1	19	-0.09077856790006322
1	20	-0.05196160648161552
1	21	-0.13827779847409616
1	22	-0.06057438660091918
1	23	-0.044193697418236866
1	24	-0.06325940419251452
1	25	-0.07649561736922195
1	26	-0.11244731860216106
1	27	-0.12536313027365864
1	28	-0.10351023718987662
1	29	-0.05324626352480166
1	30	-0.1034508824975866
1	31	-0.2542495932927977
1	32	-0.3201851476994051
1	33	-0.3025744621114761
1	34	-0.33718673233638086
1	35	-0.42663805972712154
2	1	0.0
2	2	0.0
2	3	0.0
2	4	0.0
2	5	0.0
2	6	0.0
2	7	0.0
2	8	0.0
2	9	0.0
2	10	0.0
2	11	0.0
2	12	0.0
2	13	-0.028224411482785428
2	14	-0.06904120431738292
2	15	-0.09264594579424568
2	16	-0.13443351250959878
2	17	-0.1017104568743008
2	18	-0.050112838649223335
2	19	-0.08606645110768696
2	20	-0.05558726802264147
2	21	-0.09135939895193346
2	22	-0.12931294419839645
2	23	-0.05337088623350539
2	24	-0.06319838962124891
2	25	-0.07085921837490261
2	26	-0.0273912699294101
2	27	-0.05499485507259294
2	28	-0.0547850840457329
2	29	-0.03863902095281091
2	30	-0.038874199301073276
2	31	-0.28120560168273556
2	32	-0.28993410937517083
2	33	-0.28854048564219426
2	34	-0.41005528534995506
2	35	-0.24522996704887134
3	1	0.0
3	2	0.0
3	3	0.0
3	4	0.0
3	5	0.0
3	6	0.0
3	7	0.0
3	8	0.0
3	9	0.0
3	10	0.0
3	11	0.0
3	12	0.0
3	13	-0.03748917345420466
3	14	-0.04187766461463838
3	15	-0.07623727474193487
3	16	-0.13076245707413037
3	17	-0.07380243666959174
3	18	-0.07522853621016168
3	19	-0.09505625105823512
3	20	-0.11031377142435872
3	21	-0.08163657525028967
3	22	-0.048282157409154536
3	23	-0.047427957100591556
3	24	-0.02451914885804385
3	25	-0.029985280754203814
3	26	-0.06710703418947261
3	27	-0.07396817188320881
3	28	-0.09210461678527082
3	29	-0.06460324714407051
3	30	-0.11518657532080212
3	31	-0.2239433027044484
3	32	-0.23461247984191758
3	33	-0.2529146772903097
3	34	-0.24777009682495077
3	35	-0.32652936256986465
4	1	0.0
4	2	0.0
4	3	0.0
4	4	0.0
4	5	0.0
4	6	0.0
4	7	0.0
4	8	0.0
4	9	0.0
4	10	0.0
4	11	0.0
4	12	0.0
4	13	-0.03235796459068396
4	14	-0.039964505712202225
4	15	-0.05933290955261583
4	16	-0.12852107608020802
4	17	-0.12813701747786865
4	18	-0.03573043041702206
4	19	-0.07321353985836154
4	20	-0.053143453943157226
4	21	-0.01034684547632736
4	22	-0.03576253906935989
4	23	-0.0632366736895662
4	24	-0.07215816349598825
4	25	-0.08244486924041894
4	26	-0.06496680075839834
4	27	-0.15186780739148986
4	28	-0.0921066642359385
4	29	-0.06542728478888193
4	30	-0.019053971635887734
4	31	-0.11291920533007627
4	32	-0.26287797378484257
4	33	-0.2565212353902915
4	34	-0.17760557243916608
4	35	-0.3755661035295894
5	1	0.0
5	2	0.0
5	3	0.0
5	4	0.0
5	5	0.0
5	6	0.0
5	7	0.0
5	8	0.0
5	9	0.0
5	10	0.0
5	11	0.0
5	12	0.0
5	13	0.008804125057139345
5	14	-0.024284231409083645
5	15	-0.09807537765389185
5	16	-0.053671031703316885
5	17	-0.10003308435286229
5	18	-0.08740370653866592
5	19	-0.09171468682332673
5	20	-0.1387508123206409
5	21	0.0016703065212162471
5	22	-0.0050805470401869
5	23	-0.012651578762820748
5	24	-0.04537772480320257
5	25	-0.05533718694200829
5	26	-0.04883542627592519
5	27	-0.14355617969109602
5	28	-0.03747535035446603
5	29	-0.05514394666394651
5	30	-0.09115946693577825
5	31	-0.16871725098664925
5	32	-0.26170215586868295
5	33	-0.22097006945043418
5	34	-0.21090576273681094
5	35	-0.1831333054750779
6	1	0.0
6	2	0.0
6	3	0.0
6	4	0.0
6	5	0.0
6	6	0.0
6	7	0.0
6	8	0.0
6	9	0.0
6	10	0.0
6	11	0.0
6	12	0.0
6	13	-0.05045028865613688
6	14	-0.06151565643722279
6	15	-0.10004063869988045
6	16	-0.06320246493214299
6	17	-0.04938219507531372
6	18	-0.013514120719005263
6	19	-0.040753781976228254
6	20	-0.014564233509474889
6	21	-0.040412031055680586
6	22	-0.03376706215037473
6	23	0.01711453024817544
6	24	-0.035840483570485304
6	25	-0.05158149289347236
6	26	-0.12842296678207887
6	27	-0.1327112289692458
6	28	-0.021200717714719985
6	29	-0.13433775439111884
6	30	-0.15062241649421182
6	31	-0.1483056626933852
6	32	-0.16762720885202143
6	33	-0.11670481926683607
6	34	-0.25117215485236244
6	35	-0.1841333511017602
7	1	0.0
7	2	0.0
7	3	0.0
7	4	0.0
7	5	0.0
7	6	0.0
7	7	0.0
7	8	0.0
7	9	0.0
7	10	0.0
7	11	0.0
7	12	0.0
7	13	-0.016610849495698687
7	14	-0.06047957435100315
7	15	-0.05892663854657698
7	16	-0.06570468924248019
7	17	-0.11606984778594054
7	18	-0.06057846143069767
7	19	-0.03040370687344307
7	20	-0.0981752024484166
7	21	-0.03417392330190694
7	22	-0.07030757519216735
7	23	-0.01869619019861446
7	24	-0.04324809403189889
7	25	-0.0557519786790337
7	26	-0.04730911438296559
7	27	-0.08307713179799592
7	28	-0.028812709692374483
7	29	-0.13963442404167736
7	30	-0.09490326794506032
7	31	-0.17010948015623129
7	32	-0.1673493390666252
7	33	-0.2036305898760844
7	34	-0.2495956741808314
7	35	-0.25724262015169685
8	1	0.0
8	2	0.0
8	3	0.0
8	4	0.0
8	5	0.0
8	6	0.0
8	7	0.0
8	8	0.0
8	9	0.0
8	10	0.0
8	11	0.0
8	12	0.0
8	13	-0.01932650137890235
8	14	-0.02957859285892539
8	15	-0.07289270206258536
8	16	-0.05536392281788238
8	17	-0.044355126523203836
8	18	-0.08144063905012544
8	19	-0.12206210471980583
8	20	-0.06643990320603166
8	21	-0.09024127924480396
8	22	-0.058366267877609346
8	23	-0.07078431584453071
8	24	-0.01736483857251514
8	25	-0.07433381597288857
8	26	-0.015295685702358952
8	27	-0.01572355280788429
8	28	-0.17193948402226766
8	29	-0.1460513708356359
8	30	0.00807592948656577
8	31	-0.14362690391765298
8	32	-0.17193896874784542
8	33	-0.1714128773635224
8	34	-0.1680473854963047
8	35	-0.17938110776016458
9	1	0.0
9	2	0.0
9	3	0.0
9	4	0.0
9	5	0.0
9	6	0.0
9	7	0.0
9	8	0.0
9	9	0.0
9	10	0.0
9	11	0.0
9	12	0.0
9	13	-0.047562749362608514
9	14	-0.02373751838337057
9	15	-0.0331218551835164
9	16	-0.04013233619456713
9	17	-0.030864275057837176
9	18	-0.06548353345636215
9	19	-0.07437418716691724
9	20	-0.07385533184871207
9	21	0.017702198735630503
9	22	-0.023894727712146846
9	23	-0.014022967412309129
9	24	-0.0016085200238400432
9	25	-0.0529990528964106
9	26	-0.015113078429166649
9	27	-0.06616803767137824
9	28	8.128385927008708E-5
9	29	-0.08270495000242661
9	30	-0.03885111269534747
9	31	-0.14930348049589526
9	32	-0.09392856439223252
9	33	-0.15660048143413619
9	34	-0.15322314543672633
9	35	-0.1879003107821937
10	1	0.0
10	2	0.0
10	3	0.0
10	4	0.0
10	5	0.0
10	6	0.0
10	7	0.0
10	8	0.0
10	9	0.0
10	10	0.0
10	11	0.0
10	12	0.0
10	13	0.008094511994492848
10	14	0.003303752024088169
10	15	0.011638780649679603
10	16	-0.055333827335672936
10	17	-0.006655962925353975
10	18	-0.040558413988474484
10	19	-0.0032865529021464113
10	20	-0.03178593643578864
10	21	0.01108027679322987
10	22	-0.027652917360537543
10	23	5.118990267014567E-4
10	24	-0.010361542784377065
10	25	-0.01155047086179195
10	26	0.008163707644193607
10	27	-0.04476217207340838
10	28	0.012577458963438204
10	29	-0.039346805116245775
10	30	-0.018866796953911802
10	31	-0.07560634929890853
10	32	-0.11414744460261517
10	33	-0.1341228581675793
10	34	-0.09476623518320793
10	35	-0.2881503496868483
11	1	0.0
11	2	0.0
11	3	0.0
11	4	0.0
11	5	0.0
11	6	0.0
11	7	0.0
11	8	0.0
11	9	0.0
11	10	0.0
11	11	0.0
11	12	0.0
11	13	-0.0283139564060626
11	14	-0.013402701885532053
11	15	-0.02760679738217675
11	16	-0.04437802607644059
11	17	0.020297800110203212
11	18	-0.02455766012492333
11	19	-0.016918918777257375
11	20	-0.04589505120453197
11	21	-0.005305785107346139
11	22	-0.016118107013060268
11	23	0.00682969439462866
11	24	9.133376348557931E-5
11	25	-0.026684979663848196
11	26	-0.012386054330370655
11	27	-0.038999304041411165
11	28	-0.0332867618348196
11	29	-0.03225211147801588
11	30	-0.06029020302111476
11	31	-0.10130890824684968
11	32	-0.10318361609261117
11	33	-0.0680868542028179
11	34	-0.0730207618546217
11	35	-0.02723677874689301
12	1	0.0
12	2	0.0
12	3	0.0
12	4	0.0
12	5	0.0
12	6	0.0
12	7	0.0
12	8	0.0
12	9	0.0
12	10	0.0
12	11	0.0
12	12	0.0
12	13	-0.01361367740542363
12	14	-0.04552388347106984
12	15	-0.0023225659215135863
12	16	0.00762537973267996
12	17	-0.05692286860960749
12	18	-0.04556206241487004
12	19	-0.03713229443303234
12	20	-0.06993983965879025
12	21	-0.0029039444169178807
12	22	-0.013581629446825616
12	23	0.011743800406470939
12	24	-0.013241775641571252
12	25	-0.04146662510281374
12	26	-0.044360877794417775
12	27	-0.05562860267705716
12	28	-0.01975911474018588
12	29	-0.013298122440705384
12	30	-0.017127992877025378
12	31	-0.012492446159654946
12	32	-0.029179554593508072
12	33	-0.030588857311219186
12	34	-0.061301615497200146
12	35	-0.06207162114687037
13	1	0.0
13	2	0.0
13	3	0.0
13	4	0.0
13	5	0.0
13	6	0.0
13	7	0.0
13	8	0.0
13	9	0.0
13	10	0.0
13	11	0.0
13	12	0.0
13	13	-0.0029183500534628593
13	14	-0.015889340100766702
13	15	-0.008868638895119574
13	16	-0.019726743394571145
13	17	0.03354472970880806
13	18	-0.009272117565437554
13	19	0.006966927801258294
13	20	-3.088910808912715E-6
13	21	-0.011009428035510638
13	22	0.016335959753813967
13	23	0.03376230350968612
13	24	0.01214552575623884
13	25	-0.02297541041400919
13	26	0.002653311964504468
13	27	0.023988711163781318
13	28	-0.0070580182560036064
13	29	-0.010843150760923237
13	30	0.05971629148116975
13	31	-0.09109289360984008
13	32	0.020796114558681467
13	33	-0.019753994353326476
13	34	-0.027664542997669628
13	35	0.03302711429381233
14	1	0.0
14	2	0.0
14	3	0.0
14	4	0.0
14	5	0.0
14	6	0.0
14	7	0.0
14	8	0.0
14	9	0.0
14	10	0.0
14	11	0.0
14	12	0.0
14	13	-0.010397981414488555
14	14	0.020707427629968578
14	15	-0.0645651795656157
14	16	-0.07689249736812442
14	17	0.00856810355681148
14	18	-0.05601981357185082
14	19	0.006966927801258294
14	20	-0.031257262812236064
14	21	-0.011410122572709014
14	22	-0.007839277323785865
14	23	-0.016190948794307047
14	24	-0.002813736965812552
14	25	0.044341271835225626
14	26	-0.012840210140478092
14	27	-0.011005278418160458
14	28	-0.027894134190290742
14	29	-0.06961168288326647
14	30	0.0034854914277460125
14	31	0.038732136442252596
14	32	-0.03209556435142602
14	33	-0.04940539010596723
14	34	-0.03220574775257745
14	35	-0.03989929147618909
15	1	0.0
15	2	0.0
15	3	0.0
15	4	0.0
15	5	0.0
15	6	0.0
15	7	0.0
15	8	0.0
15	9	0.0
15	10	0.0
15	11	0.0
15	12	0.0
15	13	-0.027313197536777523
15	14	0.007586357748948558
15	15	0.02986701108764933
15	16	0.03743704169480111
15	17	0.018832233803998122
15	18	-0.003119602830292223
15	19	0.00897749556537164
15	20	0.006970734330575823
15	21	0.014772631385415735
15	22	-0.018687722730089007
15	23	0.017099725381790165
15	24	-0.009556846004215913
15	25	-0.011556077283948696
15	26	0.006053415304318577
15	27	-0.01987263610996237
15	28	0.025614142484410962
15	29	0.011661124467092776
15	30	0.03167737639666157
15	31	-0.034806663258549975
15	32	-0.0024321247036702687
15	33	-0.009477376768636248
15	34	0.01632134063488877
15	35	-0.03725174533556341
16	1	0.0
16	2	0.0
16	3	0.0
16	4	0.0
16	5	0.0
16	6	0.0
16	7	0.0
16	8	0.0
16	9	0.0
16	10	0.0
16	11	0.0
16	12	0.0
16	13	0.01697811387932191
16	14	0.0050626022959683326
16	15	-0.013489925394502222
16	16	-0.029052810052416334
16	17	-0.05823175401451053
16	18	-0.02541552901810107
16	19	-0.04043548067819813
16	20	-0.04942326081807025
16	21	-0.03316540115741162
16	22	-0.0349491182340671
16	23	-0.00987635229670758
16	24	0.01792818511645322
16	25	0.00921361022698619
16	26	0.02188118354125379
16	27	0.014622809063116193
16	28	0.06067461389731932
16	29	0.04681406182381309
16	30	-0.07219418652467269
16	31	0.051168636647439314
16	32	0.02625187319977229
16	33	0.020671280974337236
16	34	0.03377305311092016
16	35	0.13205948995154415
17	1	0.0
17	2	0.0
17	3	0.0
17	4	0.0
17	5	0.0
17	6	0.0
17	7	0.0
17	8	0.0
17	9	0.0
17	10	0.0
17	11	0.0
17	12	0.0
17	13	0.035818148048623044
17	14	0.022644405129319978
17	15	0.024424265939209988
17	16	0.019502328932947677
17	17	-0.008619250581041626
17	18	4.0393741732103194E-4
17	19	-0.02861246716435417
17	20	0.0028035321714696693
17	21	0.0016514601563528686
17	22	0.028317803551882292
17	23	0.009697077907173224
17	24	-0.027140275726186047
17	25	-0.014496466265654817
17	26	-0.07402626597058415
17	27	-0.09772306236194339
17	28	-0.060827724456427035
17	29	-0.06186680681851797
17	30	0.006653814729354224
17	31	-0.08342616375120215
17	32	-0.055383223534153814
17	33	-4.36657923586381E-4
17	34	-0.10366805661482204
17	35	-0.09788876714081596
18	1	0.0
18	2	0.0
18	3	0.0
18	4	0.0
18	5	0.0
18	6	0.0
18	7	0.0
18	8	0.0
18	9	0.0
18	10	0.0
18	11	0.0
18	12	0.0
18	13	-0.031324095823045184
18	14	-0.007675138363289591
18	15	0.006461844861370025
18	16	-3.475072360359377E-4
18	17	-0.0018867010666951955
18	18	-0.019723330955990548
18	19	-0.017416836575552708
18	20	0.007380141424270903
18	21	-0.051126293285268076
18	22	-0.03715940904295678
18	23	0.009071833328782475
18	24	0.023187678342722506
18	25	0.002341113240571957
18	26	0.008836308717086183
18	27	0.03635225610102211
18	28	0.018535919075311824
18	29	-0.016360989503244383
18	30	-0.0539751970863378
18	31	-0.003276437971035051
18	32	0.01838578057184037
18	33	0.003697300946356563
18	34	0.024581185557210006
18	35	0.05297828150618855
19	1	0.0
19	2	0.0
19	3	0.0
19	4	0.0
19	5	0.0
19	6	0.0
19	7	0.0
19	8	0.0
19	9	0.0
19	10	0.0
19	11	0.0
19	12	0.0
19	13	0.005779303488175458
19	14	-0.0016675308508773412
19	15	-0.11717649197495206
19	16	0.016528333329784317
19	17	-0.13773880307302022
19	18	-0.029991894638712324
19	19	0.02281318367545282
19	20	0.003753771428268493
19	21	-0.0051838175946627985
19	22	-0.009138950671971457
19	23	-0.05252107641419457
19	24	-0.0519778759760996
19	25	-0.012400414659758496
19	26	0.026272403592273008
19	27	0.00545095864126921
19	28	-0.023215175955471068
19	29	-0.026191231157021377
19	30	-0.025236897902647826
19	31	0.018022296042268238
19	32	-0.026164005038246785
19	33	-0.033785574334064705
19	34	-0.019809022517442543
19	35	-0.20251084649991924
20	1	0.0
20	2	0.0
20	3	0.0
20	4	0.0
20	5	0.0
20	6	0.0
20	7	0.0
20	8	0.0
20	9	0.0
20	10	0.0
20	11	0.0
20	12	0.0
20	13	0.02048201543165007
20	14	-0.015279112204819256
20	15	-0.05640574133222387
20	16	-0.051396997402907374
20	17	-0.03815846896742414
20	18	-0.13441187962814638
20	19	-0.06735484053720597
20	20	-0.006421025458653418
20	21	-0.04338919211608072
20	22	-0.011276467898486686
20	23	0.015888434663558826
20	24	-0.01848748744441764
20	25	0.03908109035754137
20	26	-0.016064482531092494
20	27	-0.06679751733224037
20	28	-0.012164615546662816
20	29	-0.2346252123197452
20	30	-0.0035418946872276535
20	31	0.02662579276008259
20	32	-0.005689691176272049
20	33	-0.06206248288165739
20	34	0.05096185433561118
20	35	-0.06343273308893771
21	1	0.0
21	2	0.0
21	3	0.0
21	4	0.0
21	5	0.0
21	6	0.0
21	7	0.0
21	8	0.0
21	9	0.0
21	10	0.0
21	11	0.0
21	12	0.0
21	13	-0.05860687428252831
21	14	-0.004968633036785519
21	15	0.014561670362610357
21	16	0.01614781584007119
21	17	0.013640324679709437
21	18	0.012609360550488447
21	19	-0.009848487276325812
21	20	-0.002134879317228666
21	21	-0.015769937121081767
21	22	-0.00545547914950717
21	23	-0.004713372338727595
21	24	-0.007429385310906866
21	25	-0.004046752060403946
21	26	0.02286365354926545
21	27	-0.028889485549381533
21	28	-0.022469900192696457
21	29	-0.07061583326828469
21	30	-0.08061878520346966
21	31	0.028557304595764776
21	32	-0.018166341476373304
21	33	-0.01142598663961536
21	34	-0.16527811069360965
21	35	-0.006714375875560563
22	1	0.0
22	2	0.0
22	3	0.0
22	4	0.0
22	5	0.0
22	6	0.0
22	7	0.0
22	8	0.0
22	9	0.0
22	10	0.0
22	11	0.0
22	12	0.0
22	13	-0.007878182425280045
22	14	-0.028115089101000024
22	15	0.02110763838528129
22	16	0.013217110896007966
22	17	0.0024719726974460343
22	18	-0.027225344543531094
22	19	0.016578820639100655
22	20	-0.003082271893603661
22	21	-0.004188215185831012
22	22	-0.002217311731254057
22	23	-0.02174956303789699
22	24	-0.02116663373369221
22	25	0.0025532069109601707
22	26	-0.05228356149051905
22	27	-0.02795571685725662
22	28	-0.05339127713045855
22	29	-0.031183471938355467
22	30	-0.047440758544052386
22	31	0.03976912592612791
22	32	-0.010454344633377133
22	33	-0.009357510979022265
22	34	0.058667205838276004
22	35	-0.01794653024579418
23	1	0.0
23	2	0.0
23	3	0.0
23	4	0.0
23	5	0.0
23	6	0.0
23	7	0.0
23	8	0.0
23	9	0.0
23	10	0.0
23	11	0.0
23	12	0.0
23	13	0.013337933973591731
23	14	-0.01681044203303017
23	15	0.006348672361461638
23	16	0.022081061121166812
23	17	0.001601364150630502
23	18	-0.02199052652758482
23	19	0.0053538711827485486
23	20	-0.010862992134409666
23	21	-0.019998668190794433
23	22	-0.007029267597371103
23	23	0.005165556114850034
23	24	0.022956707559767864
23	25	0.003253310183421121
23	26	0.033172741062930555
23	27	0.003594164183002846
23	28	0.03631677396647959
23	29	-0.007997985610320058
23	30	-0.06814932699525755
23	31	0.030913905026853428
23	32	-0.007929868935679707
23	33	0.07680246593474394
23	34	-0.013031225654909662
23	35	0.04093991499868821
24	1	0.0
24	2	0.0
24	3	0.0
24	4	0.0
24	5	0.0
24	6	0.0
24	7	0.0
24	8	0.0
24	9	0.0
24	10	0.0
24	11	0.0
24	12	0.0
24	13	-0.021559995755151107
24	14	0.004616766291320573
24	15	0.015907539453632324
24	16	0.03499366070936816
24	17	-0.06318851764120126
24	18	-0.02387142970008327
24	19	-0.02049995978815744
24	20	-0.011398087721666172
24	21	-0.043017611774967435
24	22	-0.00409013933982294
24	23	-0.03933912393786798
24	24	-0.01724204880870772
24	25	0.018654743135847696
24	26	-0.023786769597244017
24	27	-0.005095632632606595
24	28	-0.0244572202558615
24	29	0.003096032615165001
24	30	0.017660236616745095
24	31	-0.005365466320103707
24	32	0.04847761619678437
24	33	0.012773185782034346
24	34	0.019638085970502317
24	35	0.03184623435281608
25	1	0.0
25	2	0.0
25	3	0.0
25	4	0.0
25	5	0.0
25	6	0.0
25	7	0.0
25	8	0.0
25	9	0.0
25	10	0.0
25	11	0.0
25	12	0.0
25	13	-0.009800749406284837
25	14	0.02335579178240721
25	15	0.05161820441275111
25	16	0.024184706256715316
25	17	0.023140634834788898
25	18	0.030306445583825337
25	19	0.04783691986393279
25	20	0.009116604831771014
25	21	0.022361439818258333
25	22	-3.7007667073751804E-4
25	23	0.014088379277239937
25	24	-0.019386042097160328
25	25	0.007133789851405226
25	26	0.05690699351432471
25	27	0.04963748917860045
25	28	0.013999528292789165
25	29	0.0898531840695398
25	30	0.03163431040713505
25	31	0.10805841294545004
25	32	0.07099090063244518
25	33	0.060470910944534495
25	34	0.1014930327090191
25	35	0.05702661983387003
26	1	0.0
26	2	0.0
26	3	0.0
26	4	0.0
26	5	0.0
26	6	0.0
26	7	0.0
26	8	0.0
26	9	0.0
26	10	0.0
26	11	0.0
26	12	0.0
26	13	-0.0269403300324349
26	14	-0.015575287753769373
26	15	0.030246540905945807
26	16	0.06878578273954261
26	17	0.0270345416295541
26	18	0.011351720349676242
26	19	0.03450248590501914
26	20	0.033148409360666875
26	21	0.03488904421791972
26	22	0.026876619677317137
26	23	-0.0062323643196045
26	24	-0.03576849883547695
26	25	-0.010327102436402669
26	26	0.04662590794245958
26	27	-0.0033381053367342872
26	28	0.010540546122921768
26	29	0.06341864288839005
26	30	0.025384709827708463
26	31	0.12139906011329415
26	32	0.07154210102440928
26	33	0.019903094656697817
26	34	0.06972578306583443
26	35	0.11759564325944183
27	1	0.0
27	2	0.0
27	3	0.0
27	4	0.0
27	5	0.0
27	6	0.0
27	7	0.0
27	8	0.0
27	9	0.0
27	10	0.0
27	11	0.0
27	12	0.0
27	13	-0.00862224387515198
27	14	0.0027654404132633204
27	15	0.023491285625453884
27	16	-0.01119956764672736
27	17	-0.017847290421823203
27	18	0.033713856186796676
27	19	0.03333233750415232
27	20	0.04523387384399058
27	21	0.03482742060375088
27	22	0.03153550496215729
27	23	0.017354540849122913
27	24	0.005731970811158504
27	25	0.05030446491353757
27	26	0.028737553124894788
27	27	7.430585652734578E-4
27	28	-0.009959809613395265
27	29	0.08957926763979529
27	30	0.05788533073230795
27	31	0.13775546121953042
27	32	0.11572973372526008
27	33	0.0906439692264982
27	34	0.1701461308097585
27	35	0.12113736711469159
28	1	0.0
28	2	0.0
28	3	0.0
28	4	0.0
28	5	0.0
28	6	0.0
28	7	0.0
28	8	0.0
28	9	0.0
28	10	0.0
28	11	0.0
28	12	0.0
28	13	0.006947538530614139
28	14	0.0029907479615545185
28	15	0.02417410623104388
28	16	-0.04540515973822323
28	17	0.028641709578486996
28	18	0.02789732520069066
28	19	-0.01030222434823358
28	20	0.00792807468966572
28	21	0.013007233233434334
28	22	0.0021387990561727577
28	23	0.030791690816368344
28	24	3.6117209551278506E-4
28	25	0.0035748113399769466
28	26	0.0035972765058183143
28	27	0.02892812604592976
28	28	0.033261804658220484
28	29	0.009841786973460387
28	30	0.0805466042787657
28	31	0.0722485510129971
28	32	0.08602843247534864
28	33	0.10390673254646288
28	34	0.09221886104741017
28	35	0.16369917981815973
29	1	0.0
29	2	0.0
29	3	0.0
29	4	0.0
29	5	0.0
29	6	0.0
29	7	0.0
29	8	0.0
29	9	0.0
29	10	0.0
29	11	0.0
29	12	0.0
29	13	0.008150235569942765
29	14	-0.008765781500578385
29	15	0.014155690640155427
29	16	0.05396384785598585
29	17	0.026447031456285686
29	18	0.023642564846955594
29	19	0.0021099526138215197
29	20	0.0011501098170043633
29	21	0.016513362499203765
29	22	-6.346257815472711E-4
29	23	0.016153528915314297
29	24	0.001162033259383577
29	25	-0.03297273536105294
29	26	-9.666484227786043E-4
29	27	0.002745477860852219
29	28	0.05057463049113764
29	29	0.033639652051540736
29	30	0.014433789813111275
29	31	0.07438163043581625
29	32	0.03629478244090478
29	33	0.07842399860724925
29	34	-0.014048966662354445
29	35	0.08511376076900135
30	1	0.0
30	2	0.0
30	3	0.0
30	4	0.0
30	5	0.0
30	6	0.0
30	7	0.0
30	8	0.0
30	9	0.0
30	10	0.0
30	11	0.0
30	12	0.0
30	13	0.005810252718148945
30	14	0.007434238951411487
30	15	0.032621122845743145
30	16	0.05281385611544209
30	17	0.023772658585063056
30	18	0.05724054167328063
30	19	-0.013189315047650751
30	20	0.03635455104506846
30	21	0.04060608080452255
30	22	0.025685274790319568
30	23	0.022944690509625332
30	24	0.02005951373166681
30	25	0.03418896121009496
30	26	0.037162545218226484
30	27	-0.020958456000563785
30	28	0.0633787948307365
30	29	0.05536249613659194
30	30	0.004705171974258349
30	31	0.1324084854705454
30	32	0.08767922477023049
30	33	0.07133058021461736
30	34	0.09852176968790971
30	35	0.127638716128601
31	1	0.0
31	2	0.0
31	3	0.0
31	4	0.0
31	5	0.0
31	6	0.0
31	7	0.0
31	8	0.0
31	9	0.0
31	10	0.0
31	11	0.0
31	12	0.0
31	13	0.026714578594848604
31	14	-0.003203631465467538
31	15	0.03597003912283725
31	16	0.046134310982857585
31	17	0.03511626893419617
31	18	0.004052219866174767
31	19	0.009359590926667494
31	20	0.05470353171449105
31	21	0.014340191997195717
31	22	0.006925986196776535
31	23	0.010947369230535742
31	24	-0.009027274250147599
31	25	-0.008867356321360376
31	26	0.01758727702417673
31	27	0.023728790454640603
31	28	-0.036339939473634786
31	29	0.014515608217880782
31	30	0.06917786318728147
31	31	0.05874546340973197
31	32	-8.885610351256901E-4
31	33	0.06993558478647444
31	34	-0.027666075615957908
31	35	-0.07079706540110209
32	1	0.0
32	2	0.0
32	3	0.0
32	4	0.0
32	5	0.0
32	6	0.0
32	7	0.0
32	8	0.0
32	9	0.0
32	10	0.0
32	11	0.0
32	12	0.0
32	13	-0.006535660517972275
32	14	0.026496502108628306
32	15	0.040631470559354455
32	16	0.047537490542339356
32	17	-0.004426659406540523
32	18	0.03977751014496533
32	19	0.0032167319221940716
32	20	0.04152585847156942
32	21	0.03391516538956907
32	22	0.026679374656822574
32	23	0.017408564914152436
32	24	0.016626902821311518
32	25	-2.582137712039412E-4
32	26	0.010345643030404972
32	27	0.0016370296216301483
32	28	0.022037999127920926
32	29	0.0739699223404564
32	30	0.002759896675868845
32	31	-0.1227068640661706
32	32	0.10197472155830667
32	33	0.02004410210321339
32	34	0.13117750169082143
32	35	0.12219879502102415
33	1	0.0
33	2	0.0
33	3	0.0
33	4	0.0
33	5	0.0
33	6	0.0
33	7	0.0
33	8	0.0
33	9	0.0
33	10	0.0
33	11	0.0
33	12	0.0
33	13	0.06099190130081311
33	14	0.029228834654634994
33	15	0.005463328581349458
33	16	-4.6201071372564684E-4
33	17	-7.253913665294931E-7
33	18	0.024805807766465904
33	19	0.010435847156191613
33	20	1.6220982734793665E-4
33	21	-0.003335758518030474
33	22	0.009481495490092584
33	23	-0.00837053121168907
33	24	0.02446353047070815
33	25	0.015836439507317834
33	26	0.003610507859082901
33	27	0.04060749637757155
33	28	0.05551349600096955
33	29	0.01898872326535539
33	30	-0.008901649855914684
33	31	0.007642828116054545
33	32	-0.03690101732270179
33	33	0.10852596238461842
33	34	0.06928579415751557
33	35	0.0588830611800546
34	1	0.0
34	2	0.0
34	3	0.0
34	4	0.0
34	5	0.0
34	6	0.0
34	7	0.0
34	8	0.0
34	9	0.0
34	10	0.0
34	11	0.0
34	12	0.0
34	13	-0.022198496523476052
34	14	0.006899265933562049
34	15	0.02403576984258393
34	16	0.05791096790775896
34	17	0.013982568538121853
34	18	0.061128086776577106
34	19	0.04244181181634943
34	20	0.006624971264120205
34	21	0.028299346442992146
34	22	0.044894250745873165
34	23	0.0390975787173069
34	24	0.020214820753412965
34	25	-0.011168472452133926
34	26	0.014786519417544497
34	27	0.008837182151239631
34	28	0.014378491481117806
34	29	-0.03135789534407607
34	30	0.061155582294531996
34	31	0.07052600151614286
34	32	0.019008255328710533
34	33	0.07527220936172796
34	34	0.10593571419089542
34	35	0.09336915007821389
35	1	0.0
35	2	0.0
35	3	0.0
35	4	0.0
35	5	0.0
35	6	0.0
35	7	0.0
35	8	0.0
35	9	0.0
35	10	0.0
35	11	0.0
35	12	0.0
35	13	0.011449538653643287
35	14	0.022510601531767094
35	15	0.030451594972717544
35	16	0.037793218266287454
35	17	0.03546630253367766
35	18	0.04107531297138678
35	19	0.04839737762659624
35	20	0.038783389811936075
35	21	0.04494923873559742
35	22	0.02729694611594624
35	23	0.039835518572225226
35	24	0.03032712038086416
35	25	0.0562518931960696
35	26	0.06233209035292475
35	27	0.06831410677860461
35	28	0.08386886378603009
35	29	0.06396136641108185
35	30	0.03754718403508761
35	31	0.06403527598799741
35	32	0.11293528133164443
35	33	0.12320912710696064
35	34	0.11755607065628837
35	35	0.12027909158006977
36	1	0.0
36	2	0.0
36	3	0.0
36	4	0.0
36	5	0.0
36	6	0.0
36	7	0.0
36	8	0.0
36	9	0.0
36	10	0.0
36	11	0.0
36	12	0.0
36	13	0.02299121453056685
36	14	0.03607403212399518
36	15	0.05476675434714906
36	16	0.03207323863657763
36	17	0.0033416328493345304
36	18	0.03419783278611277
36	19	0.017710603374030853
36	20	0.01477923721206409
36	21	0.013108018796881282
36	22	0.03552017001697294
36	23	0.020626689300154766
36	24	0.028120303783172318
36	25	0.009787181909882037
36	26	0.035317901179734434
36	27	0.03505711287629509
36	28	-0.023091826828508744
36	29	0.012318082627871263
36	30	0.07124686011780312
36	31	0.026583103655607232
36	32	0.07951144942311572
36	33	0.1311393784970072
36	34	0.07781280946646874
36	35	0.07157497139973756
37	1	0.0
37	2	0.0
37	3	0.0
37	4	0.0
37	5	0.0
37	6	0.0
37	7	0.0
37	8	0.0
37	9	0.0
37	10	0.0
37	11	0.0
37	12	0.0
37	13	-0.0020804094416888574
37	14	5.430404249011644E-4
37	15	0.03894195107684695
37	16	0.032099780032336156
37	17	0.024286153772941077
37	18	0.035396857137843796
37	19	0.016317936022549162
37	20	0.041908071330862384
37	21	0.0224501701449924
37	22	0.03179803323303432
37	23	-0.004329655983244862
37	24	-0.031085780915798722
37	25	0.03186983316014036
37	26	0.03219659944186404
37	27	0.03931944265649534
37	28	0.012639317231634806
37	29	0.07943787083425136
37	30	0.10061340267264995
37	31	0.06543126587393289
37	32	0.06453550886240222
37	33	0.09941959684198665
37	34	0.1478905774358772
37	35	0.18782229521232452
38	1	0.0
38	2	0.0
38	3	0.0
38	4	0.0
38	5	0.0
38	6	0.0
38	7	0.0
38	8	0.0
38	9	0.0
38	10	0.0
38	11	0.0
38	12	0.0
38	13	-0.019565328638293522
38	14	0.03192894679540004
38	15	0.057298072690159074
38	16	0.03361108121888634
38	17	0.038104196265880574
38	18	0.044149231070008454
38	19	0.061883459068184266
38	20	0.040106684079500354
38	21	0.06511751833031099
38	22	0.04561634850129792
38	23	0.0198595141230129
38	24	0.01127263872469797
38	25	0.04182974148245222
38	26	0.06836897833853683
38	27	0.041865737349944254
38	28	0.051340784993684
38	29	0.07297238226322378
38	30	0.08880372095319089
38	31	0.14867486661730922
38	32	0.07629411864828128
38	33	0.13151862183806529
38	34	0.12396159302246801
38	35	0.18620085574337253
39	1	0.0
39	2	0.0
39	3	0.0
39	4	0.0
39	5	0.0
39	6	0.0
39	7	0.0
39	8	0.0
39	9	0.0
39	10	0.0
39	11	0.0
39	12	0.0
39	13	0.04913951229106317
39	14	-0.01552178979142127
39	15	0.006800851746284309
39	16	0.03908758238916832
39	17	7.969540865140345E-4
39	18	-0.009981880574525093
39	19	0.05141562316134696
39	20	0.024700925482814995
39	21	0.03985576513034772
39	22	0.04253684961143733
39	23	0.02184862921051689
39	24	0.037037053957938326
39	25	0.04540698176821678
39	26	0.034530659337612235
39	27	0.05196435722681869
39	28	0.03939070170558878
39	29	0.06827161747210653
39	30	0.03783914460061766
39	31	0.12886593664880763
39	32	0.08532523358375244
39	33	0.11039527186814269
39	34	0.08787414320271836
39	35	0.14257494741001153
40	1	0.0
40	2	0.0
40	3	0.0
40	4	0.0
40	5	0.0
40	6	0.0
40	7	0.0
40	8	0.0
40	9	0.0
40	10	0.0
40	11	0.0
40	12	0.0
40	13	0.008515268982485225
40	14	0.006797625094456805
40	15	0.030865364479815582
40	16	0.06486105562026978
40	17	0.0560239854126614
40	18	0.029764477248061638
40	19	0.028930711818137667
40	20	0.015721361259338096
40	21	0.02868978617636131
40	22	0.04991874376955252
40	23	-0.005223036302169248
40	24	0.03315632276067859
40	25	0.029806676827810463
40	26	0.048514658265254695
40	27	0.07476593260518172
40	28	0.07512572962851749
40	29	-0.04375435687856921
40	30	0.048995269823677745
40	31	0.12705350147149375
40	32	0.10007963039097234
40	33	0.07979277715138977
40	34	0.10331388905629879
40	35	0.1974136492933667
41	1	0.0
41	2	0.0
41	3	0.0
41	4	0.0
41	5	0.0
41	6	0.0
41	7	0.0
41	8	0.0
41	9	0.0
41	10	0.0
41	11	0.0
41	12	0.0
41	13	0.02111760531815321
41	14	0.026222476779931725
41	15	0.035092869108957814
41	16	0.05769794122464589
41	17	0.04359530631647601
41	18	0.04089596208225288
41	19	0.01734253461926727
41	20	0.04334333240588961
41	21	0.03223323919115728
41	22	0.045778818687182365
41	23	0.060637619618429284
41	24	0.02894282828441419
41	25	0.020016605130155796
41	26	0.0064832127024025965
41	27	0.028265891926391618
41	28	0.07893301549159304
41	29	0.01656634560465875
41	30	0.03355273436447348
41	31	0.11235429795190299
41	32	0.11865808003818401
41	33	0.0791195388862782
41	34	0.1345266001654899
41	35	0.14161462173957773
42	1	0.0
42	2	0.0
42	3	0.0
42	4	0.0
42	5	0.0
42	6	0.0
42	7	0.0
42	8	0.0
42	9	0.0
42	10	0.0
42	11	0.0
42	12	0.0
42	13	0.0342937433375603
42	14	-0.0033100976181685837
42	15	-0.007842814511398899
42	16	0.070407718563672
42	17	0.05449798503854453
42	18	0.07877945583355128
42	19	0.05324877760403268
42	20	0.028334997782796023
42	21	0.002319706984167169
42	22	0.04656652945798356
42	23	0.008516465013435948
42	24	-0.00454681844747995
42	25	0.041450372937525515
42	26	0.042243225056189715
42	27	-0.012020080460246163
42	28	0.07729057883960877
42	29	0.06909142093347498
42	30	0.07926601566131453
42	31	0.0655861169006009
42	32	0.11996021239102106
42	33	0.08092254165124046
42	34	0.0669246936248129
42	35	0.05445157964049585
43	1	0.0
43	2	0.0
43	3	0.0
43	4	0.0
43	5	0.0
43	6	0.0
43	7	0.0
43	8	0.0
43	9	0.0
43	10	0.0
43	11	0.0
43	12	0.0
43	13	0.003784692071896245
43	14	-0.022387586732484976
43	15	0.06409179776469287
43	16	-0.0038621881468081654
43	17	0.023963961534985145
43	18	0.03501456841282291
43	19	0.03156325039456931
43	20	0.030917153193879443
43	21	0.02916434246623112
43	22	0.023078839080437064
43	23	0.016496655785726233
43	24	0.025468510864801175
43	25	0.015954628493002332
43	26	0.038823719293194614
43	27	0.01349322258904806
43	28	0.018483689935631986
43	29	0.050594926541435825
43	30	-0.09278216827170382
43	31	-0.039850443340110786
43	32	0.023016684245618535
43	33	0.0644945809648263
43	34	0.1624710770854918
43	35	0.1756739758879995
44	1	0.0
44	2	0.0
44	3	0.0
44	4	0.0
44	5	0.0
44	6	0.0
44	7	0.0
44	8	0.0
44	9	0.0
44	10	0.0
44	11	0.0
44	12	0.0
44	13	0.04067918949734661
44	14	0.021793648237519392
44	15	0.03999607870581556
44	16	0.04023839366881177
44	17	0.018733944892417753
44	18	0.03869253555530605
44	19	0.03572435088067394
44	20	0.03343782612923363
44	21	0.03047443250316917
44	22	0.017956578194453954
44	23	-0.0016899758753758931
44	24	0.02274699062616392
44	25	6.458480223798801E-4
44	26	0.024581760091908933
44	27	0.0031213054936820583
44	28	0.00891529298385052
44	29	0.023713138534322553
44	30	-0.023865357156022782
44	31	0.11151431670431933
44	32	0.07842749619375766
44	33	0.09368716040327385
44	34	0.07609344723293177
44	35	0.11591417826457118
45	1	0.0
45	2	0.0
45	3	0.0
45	4	0.0
45	5	0.0
45	6	0.0
45	7	0.0
45	8	0.0
45	9	0.0
45	10	0.0
45	11	0.0
45	12	0.0
45	13	0.009831283816925662
45	14	0.0337439852075363
45	15	0.0766132403499249
45	16	0.054475471235502226
45	17	0.03611443060511732
45	18	0.07030169559234167
45	19	0.030444798827748087
45	20	0.025156199203284046
45	21	0.024240153017682786
45	22	0.027395801380205143
45	23	0.0198472696105938
45	24	0.01612464014531767
45	25	0.00181694240376018
45	26	0.03919982875685335
45	27	0.04680221942767204
45	28	0.05830862520292612
45	29	0.08746787660658129
45	30	0.055936728621365006
45	31	0.03156057556097025
45	32	0.05621110992409939
45	33	0.09635879596669383
45	34	0.14417287759102848
45	35	0.14773520587656463
46	1	0.0
46	2	0.0
46	3	0.0
46	4	0.0
46	5	0.0
46	6	0.0
46	7	0.0
46	8	0.0
46	9	0.0
46	10	0.0
46	11	0.0
46	12	0.0
46	13	0.0017296545683578302
46	14	0.01485373872675666
46	15	0.008081774220727311
46	16	0.02202688361512628
46	17	0.013740285686132836
46	18	0.020973908800385743
46	19	0.026488799259787754
46	20	0.037336336969193695
46	21	0.04852672688002713
46	22	0.023353965243195773
46	23	0.01231785441326494
46	24	0.06609078065255503
46	25	0.04754456771232185
46	26	-0.02219160968782319
46	27	0.06048161957460252
46	28	0.050061667147875966
46	29	-0.041644220375893326
46	30	0.047155834985051825
46	31	0.09579439116287602
46	32	0.11862587285031978
46	33	0.11534297638516833
46	34	0.09318035657054935
46	35	0.09063845115469604
47	1	0.0
47	2	0.0
47	3	0.0
47	4	0.0
47	5	0.0
47	6	0.0
47	7	0.0
47	8	0.0
47	9	0.0
47	10	0.0
47	11	0.0
47	12	0.0
47	13	0.019850599651849876
47	14	0.02504799462726126
47	15	0.0632214389837813
47	16	0.062327848947269615
47	17	0.04652702436327516
47	18	0.04536241529987706
47	19	0.04880279513704977
47	20	0.024715783333103758
47	21	0.028418004893630666
47	22	0.03364519847245617
47	23	0.02244224710032583
47	24	0.037408674245668294
47	25	0.01340365082526418
47	26	0.049432561088064375
47	27	0.04058302636587641
47	28	0.005065130094394021
47	29	0.0024228214420034533
47	30	0.005394885740319211
47	31	0.035581152012042594
47	32	0.10014244776292713
47	33	0.12128429231922411
47	34	0.11651579306366244
47	35	0.11119360132140699
48	1	0.0
48	2	0.0
48	3	0.0
48	4	0.0
48	5	0.0
48	6	0.0
48	7	0.0
48	8	0.0
48	9	0.0
48	10	0.0
48	11	0.0
48	12	0.0
48	13	0.024775016972494512
48	14	0.011281481985104591
48	15	0.048478466772042594
48	16	0.05598935595206456
48	17	0.056379147816379316
48	18	0.05984103508581029
48	19	0.058563716436211166
48	20	0.011129792437579056
48	21	0.024964797847346176
48	22	0.028361461449570413
48	23	0.04398210463035923
48	24	0.001697757538366318
48	25	0.04053535034190503
48	26	-0.0031204743480230945
48	27	0.038608174254104455
48	28	0.012900281962988203
48	29	0.020882287097180097
48	30	0.04753545223384492
48	31	0.09019531983684459
48	32	0.06348213046879536
48	33	0.11463358901588805
48	34	0.121411881239748
48	35	0.08508327066676102
49	1	0.0
49	2	0.0
49	3	0.0
49	4	0.0
49	5	0.0
49	6	0.0
49	7	0.0
49	8	0.0
49	9	0.0
49	10	0.0
49	11	0.0
49	12	0.0
49	13	0.02657962141650927
49	14	0.027765268868240156
49	15	0.04481350639907333
49	16	0.07053305998849169
49	17	0.03147158687570695
49	18	0.056468414392277566
49	19	0.03474243761782958
49	20	0.012937218870341383
49	21	0.022103163603379272
49	22	0.03914219262593477
49	23	-0.00769516273377846
49	24	0.01472938035419702
49	25	0.04695126793689752
49	26	0.024335135941115027
49	27	0.02978677509969785
49	28	0.04791776670698766
49	29	0.044600161823961315
49	30	-0.022911550553708082
49	31	0.10146905015241003
49	32	0.0931715628069476
49	33	0.1294307443502838
49	34	0.12503671430936336
49	35	0.12103660029571728
50	1	0.0
50	2	0.0
50	3	0.0
50	4	0.0
50	5	0.0
50	6	0.0
50	7	0.0
50	8	0.0
50	9	0.0
50	10	0.0
50	11	0.0
50	12	0.0
50	13	-0.013409748974659408
50	14	0.03775500444300306
50	15	0.03906724604994949
50	16	0.04352191012669948
50	17	0.017239259396536255
50	18	0.05927214573644335
50	19	0.05766869166143351
50	20	0.07424173510354137
50	21	0.03688696247838408
50	22	0.039314556493756925
50	23	0.013925007878789586
50	24	0.040450509284298164
50	25	0.03478795773984089
50	26	0.03231661743680192
50	27	0.037966097307322144
50	28	0.02526027477258097
50	29	0.11645667084498257
50	30	0.09445111164819053
50	31	0.1001417205210764
50	32	0.10139974662618911
50	33	0.19212577092860883
50	34	0.2066567356871296
50	35	0.19537535822099628
51	1	0.0
51	2	0.0
51	3	0.0
51	4	0.0
51	5	0.0
51	6	0.0
51	7	0.0
51	8	0.0
51	9	0.0
51	10	0.0
51	11	0.0
51	12	0.0
51	13	0.039037072446131305
51	14	0.03393681318090458
51	15	0.04235556218452885
51	16	0.02102263724897213
51	17	0.05583014338110459
51	18	0.028340489049409
51	19	0.05137691778855569
51	20	-0.01564683779107412
51	21	0.005593521602666129
51	22	-0.013916736852031875
51	23	0.010639710772526456
51	24	0.018241657421956603
51	25	-0.0014121173079750804
51	26	0.017284827900635236
51	27	-0.00850254883557966
51	28	0.002394891224643203
51	29	0.022691427872040038
51	30	2.745676677804454E-4
51	31	0.033599412464418776
51	32	0.11724298916719889
51	33	0.1444150442377925
51	34	0.07167448198724813
51	35	0.08427002895851743
52	1	0.0
52	2	0.0
52	3	0.0
52	4	0.0
52	5	0.0
52	6	0.0
52	7	0.0
52	8	0.0
52	9	0.0
52	10	0.0
52	11	0.0
52	12	0.0
52	13	0.027857530593646374
52	14	0.01972369795866058
52	15	0.023767890188828744
52	16	0.05321992244175178
52	17	0.027981118836468255
52	18	0.006248650129240474
52	19	0.02306063132499503
52	20	0.0204778510579402
52	21	0.003938055578213806
52	22	-0.00989711827673645
52	23	-0.0080135230559506
52	24	0.02326707304352027
52	25	0.022637414597198813
52	26	0.004194592925120588
52	27	0.025493343733444362
52	28	9.400372692773828E-4
52	29	0.008766975093216445
52	30	0.004824868228922696
52	31	-6.974182363350678E-5
52	32	0.1088566669599409
52	33	0.0850958640105759
52	34	0.0837577300465675
52	35	0.03345235034714378
53	1	0.0
53	2	0.0
53	3	0.0
53	4	0.0
53	5	0.0
53	6	0.0
53	7	0.0
53	8	0.0
53	9	0.0
53	10	0.0
53	11	0.0
53	12	0.0
53	13	0.02630596495697901
53	14	0.031951892551632
53	15	0.0559473990160555
53	16	0.015146996980693217
53	17	0.028521915444411405
53	18	0.009474668402820186
53	19	0.029411356452101245
53	20	0.02882947673100489
53	21	0.027488739430300058
53	22	0.05591965814397071
53	23	0.005198705607675436
53	24	0.0349343025514095
53	25	0.032688351727834686
53	26	-0.008888651291684369
53	27	0.030696341801021987
53	28	0.019436406943395212
53	29	-0.034290847461708296
53	30	0.06716234782593133
53	31	0.07161230916977956
53	32	0.05941528687326425
53	33	0.07873247495596303
53	34	0.09737145211557419
53	35	0.05746784724213683
54	1	0.0
54	2	0.0
54	3	0.0
54	4	0.0
54	5	0.0
54	6	0.0
54	7	0.0
54	8	0.0
54	9	0.0
54	10	0.0
54	11	0.0
54	12	0.0
54	13	0.05234472687643077
54	14	0.05185839876857301
54	15	0.016526340753689084
54	16	0.04160591821054638
54	17	0.03623914711697651
54	18	0.022128910914215538
54	19	0.03177107062150242
54	20	0.04893029273484828
54	21	0.06505256571443141
54	22	0.03830568784689703
54	23	-0.00935486817794029
54	24	0.059267417746475815
54	25	0.02876985207449323
54	26	-0.008768050008143291
54	27	-0.02498150549385514
54	28	-0.009871719610146101
54	29	-0.0019224633382819434
54	30	-0.013711928114808813
54	31	0.06710011218397938
54	32	0.006571569741630867
54	33	0.12078286350606504
54	34	0.0780769835184536
54	35	0.11082696813102899
55	1	0.0
55	2	0.0
55	3	0.0
55	4	0.0
55	5	0.0
55	6	0.0
55	7	0.0
55	8	0.0
55	9	0.0
55	10	0.0
55	11	0.0
55	12	0.0
55	13	0.034656721943452595
55	14	0.023935632927248207
55	15	0.012823259854854996
55	16	0.01702332674102891
55	17	-0.011895167275188356
55	18	0.04780725697841959
55	19	0.03594738709566414
55	20	0.04848289774346881
55	21	0.002275655967782342
55	22	0.03545996792640693
55	23	0.012956506715067206
55	24	0.040225024708963275
55	25	0.03611285811895826
55	26	0.09368269374078153
55	27	-7.270097558880195E-4
55	28	-0.07275549781588353
55	29	-0.002860783890657359
55	30	-0.0032125687336197473
55	31	0.10562539483898803
55	32	0.03758671355324594
55	33	-0.029346307539839245
55	34	0.14217966320749653
55	35	0.20498044835909113
56	1	0.0
56	2	0.0
56	3	0.0
56	4	0.0
56	5	0.0
56	6	0.0
56	7	0.0
56	8	0.0
56	9	0.0
56	10	0.0
56	11	0.0
56	12	0.0
56	13	0.054508764763991024
56	14	0.020112975931287025
56	15	0.05048647285266483
56	16	0.014351101113994957
56	17	0.04204416512291331
56	18	0.049279001114257426
56	19	-0.014469408679275375
56	20	0.04033167170485186
56	21	0.043433990747008266
56	22	-0.002628265298863397
56	23	0.009565813837404846
56	24	0.030832645818534843
56	25	0.04537663975830242
56	26	0.01841524572707698
56	27	-0.006329647496528423
56	28	-0.05083706129873633
56	29	0.0393569000530114
56	30	0.03153222614384532
56	31	-0.029745125765252567
56	32	0.133486986294848
56	33	0.08819085850861086
56	34	0.12857622033624239
56	35	0.0890693251117014
57	1	0.0
57	2	0.0
57	3	0.0
57	4	0.0
57	5	0.0
57	6	0.0
57	7	0.0
57	8	0.0
57	9	0.0
57	10	0.0
57	11	0.0
57	12	0.0
57	13	0.025349647212873805
57	14	0.014561316757465192
57	15	0.0671045607895735
57	16	0.04542213526928407
57	17	0.02334453994967589
57	18	0.0459094546542822
57	19	0.04015870679351963
57	20	0.05229327581047727
57	21	0.011473855079085382
57	22	0.04158126682687069
57	23	0.004999901528503159
57	24	0.04952914475579462
57	25	0.05086622081767089
57	26	0.057421024083019745
57	27	0.06531921510736538
57	28	0.032159412664363174
57	29	0.05238490791183281
57	30	0.04260535398402965
57	31	0.06622656732912446
57	32	0.15519422912263536
57	33	0.08961606483125095
57	34	0.14711846185815602
57	35	0.19908683917886805
58	1	0.0
58	2	0.0
58	3	0.0
58	4	0.0
58	5	0.0
58	6	0.0
58	7	0.0
58	8	0.0
58	9	0.0
58	10	0.0
58	11	0.0
58	12	0.0
58	13	0.03296044985208013
58	14	0.027407354701548314
58	15	0.019156911469362825
58	16	0.051347568447763337
58	17	0.03446082300086317
58	18	0.034585577238040344
58	19	0.01667071107143059
58	20	0.02888070890318062
58	21	0.0343551618284792
58	22	0.03384336245158792
58	23	0.029899666629173538
58	24	0.019591148738683728
58	25	0.06453561293187704
58	26	0.06923855733268525
58	27	0.04914193599248051
58	28	0.049341638729409
58	29	0.06076052262584852
58	30	-0.01290417712703018
58	31	0.032745200359972415
58	32	0.11223364417900328
58	33	0.12985540006429375
58	34	0.164455640637307
58	35	0.17309384062852828
59	1	0.0
59	2	0.0
59	3	0.0
59	4	0.0
59	5	0.0
59	6	0.0
59	7	0.0
59	8	0.0
59	9	0.0
59	10	0.0
59	11	0.0
59	12	0.0
59	13	-0.007538772442600816
59	14	0.0209484216307807
59	15	0.014288472665846541
59	16	0.030815570209519194
59	17	0.04499330886432773
59	18	0.05665692162251901
59	19	0.03385076742759807
59	20	0.023721139459613738
59	21	0.03408213110117586
59	22	0.031194099890619498
59	23	0.022361567297725315
59	24	0.02918528434944534
59	25	0.047659753295452134
59	26	-0.023878249392726758
59	27	0.03149182906073378
59	28	0.04499004326258671
59	29	0.05402181786873683
59	30	-0.014401304734349196
59	31	0.10914388151322285
59	32	0.07207600028601036
59	33	0.11338546434765462
59	34	0.15741050676492208
59	35	0.15875192500379853
60	1	0.0
60	2	0.0
60	3	0.0
60	4	0.0
60	5	0.0
60	6	0.0
60	7	0.0
60	8	0.0
60	9	0.0
60	10	0.0
60	11	0.0
60	12	0.0
60	13	0.026630083294076456
60	14	0.03807725447247279
60	15	0.062357890143484695
60	16	0.05359502616490275
60	17	0.06583417430511318
60	18	0.04763112669801117
60	19	0.02543141381697822
60	20	0.010439490495862458
60	21	0.02079142391669464
60	22	0.011264898418723135
60	23	0.0260955234165543
60	24	0.0010157932245320467
60	25	0.026145297556674052
60	26	0.02922576654974307
60	27	0.04860320185377631
60	28	0.0584177396257779
60	29	0.06452049261165982
60	30	0.02000109556286489
60	31	0.07292471720628768
60	32	0.12563476516479355
60	33	0.12256032607850997
60	34	0.15746997595318746
60	35	0.19198916243026787
61	1	0.0
61	2	0.0
61	3	0.0
61	4	0.0
61	5	0.0
61	6	0.0
61	7	0.0
61	8	0.0
61	9	0.0
61	10	0.0
61	11	0.0
61	12	0.0
61	13	0.02886561145632527
61	14	0.02920970284140978
61	15	0.05806786406341047
61	16	0.03501793690983135
61	17	0.03514466396587679
61	18	0.041479679921227586
61	19	0.03139238812435963
61	20	0.04852258858755576
61	21	0.03929948725123111
61	22	0.030470709619809355
61	23	-0.01147671774438308
61	24	-0.011989406511084155
61	25	-0.010676775109388359
61	26	-0.026742859215811876
61	27	0.03113215529709734
61	28	0.007109014684303361
61	29	0.0536020245963833
61	30	0.0028370841149829573
61	31	0.06492422230346051
61	32	0.1187647325077208
61	33	0.12680802494316268
61	34	0.12252267333639111
61	35	0.19885463677183424
62	1	0.0
62	2	0.0
62	3	0.0
62	4	0.0
62	5	0.0
62	6	0.0
62	7	0.0
62	8	0.0
62	9	0.0
62	10	0.0
62	11	0.0
62	12	0.0
62	13	-0.028629797028024484
62	14	0.005515341522308148
62	15	0.01833316590472478
62	16	-0.0014371989519403883
62	17	0.031935312257918014
62	18	0.04439277719286139
62	19	0.02933958462410402
62	20	0.01997256568349215
62	21	0.05224199590982437
62	22	0.0454249228973147
62	23	0.011073296597412963
62	24	0.02285345448479248
62	25	0.019497937947640764
62	26	0.007460614495890638
62	27	0.04465796839136971
62	28	0.036279159771918756
62	29	0.05101643403542511
62	30	0.05652763522529369
62	31	0.11430495634660787
62	32	0.08423674887877297
62	33	0.12846589388054497
62	34	0.105998782471044
62	35	0.1948288729105947
63	1	0.0
63	2	0.0
63	3	0.0
63	4	0.0
63	5	0.0
63	6	0.0
63	7	0.0
63	8	0.0
63	9	0.0
63	10	0.0
63	11	0.0
63	12	0.0
63	13	0.018284409107959476
63	14	0.005003162925373061
63	15	0.03547005894405686
63	16	0.04120460433339801
63	17	0.03884562486318188
63	18	0.04122691406498191
63	19	0.038311227168954076
63	20	0.04749107596399327
63	21	0.03215327720162264
63	22	0.0016967519644843776
63	23	-0.016703928553258862
63	24	0.03791663683992397
63	25	0.0133647305279041
63	26	0.033559032023266155
63	27	0.0313838890171354
63	28	0.028137091154416538
63	29	0.04749276738825614
63	30	0.08139039040204565
63	31	0.09320445330414628
63	32	0.08935082890193158
63	33	0.08847470128610624
63	34	0.13318975801821864
63	35	0.13198769267555832
64	1	0.0
64	2	0.0
64	3	0.0
64	4	0.0
64	5	0.0
64	6	0.0
64	7	0.0
64	8	0.0
64	9	0.0
64	10	0.0
64	11	0.0
64	12	0.0
64	13	0.025153181653717382
64	14	0.027527152316334735
64	15	0.04163445438206992
64	16	0.02868356094703728
64	17	0.024729625402738264
64	18	0.06566823312331138
64	19	0.030168247232381873
64	20	0.044728536528122476
64	21	0.02053948948957185
64	22	0.030344706466834737
64	23	0.028351084378567037
64	24	0.08843652145164427
64	25	0.05949096538200749
64	26	0.0679944669831336
64	27	0.08860535148702908
64	28	0.07915509620493566
64	29	0.04028402518427043
64	30	0.06038817199365809
64	31	0.14225323846904203
64	32	0.10497989752425241
64	33	0.13173880682521144
64	34	0.18517473418581432
64	35	0.1346290480335206
65	1	0.0
65	2	0.0
65	3	0.0
65	4	0.0
65	5	0.0
65	6	0.0
65	7	0.0
65	8	0.0
65	9	0.0
65	10	0.0
65	11	0.0
65	12	0.0
65	13	0.01760774270458043
65	14	0.011392234228516429
65	15	0.03327615784122173
65	16	0.004483440340532496
65	17	0.02436158931765675
65	18	0.02126401203545214
65	19	0.030606839458123147
65	20	0.014469168976841473
65	21	0.038482869521537566
65	22	0.05886559613781728
65	23	0.04208340696658297
65	24	0.01982537839957743
65	25	0.0461825517147858
65	26	0.011345958670251122
65	27	0.03183670704274988
65	28	0.027949771669888435
65	29	0.02693620178082412
65	30	0.07716502383332724
65	31	0.08732706275742785
65	32	0.09106826063640838
65	33	0.07739926410654974
65	34	0.10851116499728519
65	35	0.05771414643041339
66	1	0.0
66	2	0.0
66	3	0.0
66	4	0.0
66	5	0.0
66	6	0.0
66	7	0.0
66	8	0.0
66	9	0.0
66	10	0.0
66	11	0.0
66	12	0.0
66	13	0.006267110489634575
66	14	0.007550315259869933
66	15	0.01033787503143202
66	16	0.037999692323321455
66	17	0.022843367435328332
66	18	0.04177500520573929
66	19	-1.234230238438272E-4
66	20	0.018192913083833417
66	21	0.030620034786409178
66	22	0.017327620420640955
66	23	0.030263864321785405
66	24	0.03399936145909166
66	25	-0.02732223300651171
66	26	0.043609004570498655
66	27	-0.001726345425765885
66	28	0.03167490753566682
66	29	0.05269238068090232
66	30	0.07045753584285563
66	31	0.06807430261932623
66	32	0.10971890853335964
66	33	0.10671539579983502
66	34	0.13178037481024063
66	35	0.14234577259918524
67	1	0.0
67	2	0.0
67	3	0.0
67	4	0.0
67	5	0.0
67	6	0.0
67	7	0.0
67	8	0.0
67	9	0.0
67	10	0.0
67	11	0.0
67	12	0.0
67	13	0.038286098249948
67	14	-0.005186081904206219
67	15	0.03556340294727889
67	16	0.026257084336286596
67	17	0.018379715803309438
67	18	0.042505262605146754
67	19	0.017466542724417167
67	20	0.0402686283594349
67	21	0.03808197650136336
67	22	0.06147141117903843
67	23	0.03914278223138723
67	24	0.050717980085973835
67	25	0.02966688357467362
67	26	0.054524666597565385
67	27	0.043086050425579
67	28	0.011806722713469497
67	29	6.66747122334499E-4
67	30	0.057473379376613565
67	31	0.06521200906316338
67	32	0.14554259525913693
67	33	0.09429633755627265
67	34	0.1375969269553181
67	35	0.1321439383095786
68	1	0.0
68	2	0.0
68	3	0.0
68	4	0.0
68	5	0.0
68	6	0.0
68	7	0.0
68	8	0.0
68	9	0.0
68	10	0.0
68	11	0.0
68	12	0.0
68	13	0.02456408988740222
68	14	0.026551752415819863
68	15	0.033833443715451494
68	16	0.011902918373667859
68	17	0.04889726987669718
68	18	0.026252985332405387
68	19	0.02583625609783269
68	20	0.027833464708137967
68	21	0.027245793696909715
68	22	0.049983203841996726
68	23	0.0406150857817309
68	24	0.027994305563677102
68	25	0.05882990199664562
68	26	0.053810993130060325
68	27	0.030728101553233245
68	28	0.05838925189686606
68	29	0.06529725801996022
68	30	0.07804579280952595
68	31	0.10748413073890717
68	32	0.09777091751716682
68	33	0.13349676520735443
68	34	0.13330351898785864
68	35	0.1742428899704649
69	1	0.0
69	2	0.0
69	3	0.0
69	4	0.0
69	5	0.0
69	6	0.0
69	7	0.0
69	8	0.0
69	9	0.0
69	10	0.0
69	11	0.0
69	12	0.0
69	13	0.018394312291349024
69	14	0.004537096607080571
69	15	0.052404380062366585
69	16	0.04323368308018516
69	17	0.060899736837509266
69	18	0.05285032182402816
69	19	0.02437756032771432
69	20	0.007051041129514601
69	21	-0.0033580892800841866
69	22	0.05233120536517433
69	23	0.034194585727931326
69	24	0.010479044842213625
69	25	0.027796183208234737
69	26	0.0522323717391906
69	27	0.05313234954137869
69	28	0.03207621784207859
69	29	0.09143832553917264
69	30	0.0670681594310274
69	31	0.14366985983162195
69	32	0.10320920318273608
69	33	0.0915543446042264
69	34	0.15256513994055965
69	35	0.23113977577970957
70	1	0.0
70	2	0.0
70	3	0.0
70	4	0.0
70	5	0.0
70	6	0.0
70	7	0.0
70	8	0.0
70	9	0.0
70	10	0.0
70	11	0.0
70	12	0.0
70	13	-0.024974325674758546
70	14	0.04279465231407542
70	15	0.02899400713646827
70	16	0.008466149798124434
70	17	0.021310073336881175
70	18	0.03327255130686524
70	19	0.035228895891663115
70	20	0.046647966127455476
70	21	0.05315461274528843
70	22	0.054563560263989785
70	23	0.006223179044162919
70	24	0.04171505009176357
70	25	0.016131222662767897
70	26	0.016069400883665708
70	27	0.05593955313717558
70	28	0.05918539116068544
70	29	0.06782917408441591
70	30	0.07801018435073814
70	31	0.11187989756998107
70	32	0.14397332459274637
70	33	0.12534248839647688
70	34	0.11985677683045637
70	35	0.14673367856627806
71	1	0.0
71	2	0.0
71	3	0.0
71	4	0.0
71	5	0.0
71	6	0.0
71	7	0.0
71	8	0.0
71	9	0.0
71	10	0.0
71	11	0.0
71	12	0.0
71	13	0.012712812644224414
71	14	0.012100328740679345
71	15	0.005369852279802245
71	16	0.014095581109373256
71	17	0.03822026584902005
71	18	0.05925293018063016
71	19	0.03076678484349671
71	20	0.03695776641871973
71	21	0.051428248558380574
71	22	0.037328748897401454
71	23	-0.0072676055929292716
71	24	0.010539587968739994
71	25	0.025643240413533164
71	26	0.06905884041239574
71	27	0.05862063232432746
71	28	-0.014044951635565184
71	29	0.09576829414597299
71	30	0.0684360155987207
71	31	0.031226330559384508
71	32	0.07506401243497152
71	33	0.09578500037452642
71	34	0.12419064728287665
71	35	0.083720282938053
72	1	0.0
72	2	0.0
72	3	0.0
72	4	0.0
72	5	0.0
72	6	0.0
72	7	0.0
72	8	0.0
72	9	0.0
72	10	0.0
72	11	0.0
72	12	0.0
72	13	0.009541703831427384
72	14	0.03215595369293922
72	15	0.026314432083914596
72	16	0.05713780276036218
72	17	0.05787850179364895
72	18	0.025294751827686923
72	19	0.04374718179827042
72	20	0.006823159707845861
72	21	-8.049112603067954E-4
72	22	0.031987808938879425
72	23	0.033174947091424656
72	24	-0.0057181391277865146
72	25	0.006774750738991031
72	26	0.0265681297271243
72	27	0.009636236598090875
72	28	0.006258298570699594
72	29	0.06063086490340197
72	30	0.08552940859243918
72	31	0.08686158402780464
72	32	0.05446056118077536
72	33	0.11900016508771216
72	34	0.09063873282666535
72	35	0.20256851884781923
73	1	0.0
73	2	0.0
73	3	0.0
73	4	0.0
73	5	0.0
73	6	0.0
73	7	0.0
73	8	0.0
73	9	0.0
73	10	0.0
73	11	0.0
73	12	0.0
73	13	-0.007720434858342173
73	14	0.03974564820938298
73	15	-8.326950355552754E-4
73	16	0.05484346913742044
73	17	0.051485449045944875
73	18	0.03788831911494839
73	19	0.029165333413867955
73	20	0.00557310179033621
73	21	-0.0026077763024652256
73	22	0.022381024615842904
73	23	0.025828846218207246
73	24	0.007930907251914476
73	25	-0.010383836645146971
73	26	0.010819648646322122
73	27	0.020201390655465445
73	28	0.03494701174246373
73	29	0.06455309067069592
73	30	0.06639302328042973
73	31	0.11510936389661452
73	32	0.10041709476000804
73	33	0.05562472542479213
73	34	0.14768685961635697
73	35	0.17854697665518415
74	1	0.0
74	2	0.0
74	3	0.0
74	4	0.0
74	5	0.0
74	6	0.0
74	7	0.0
74	8	0.0
74	9	0.0
74	10	0.0
74	11	0.0
74	12	0.0
74	13	0.009024772188826802
74	14	0.023480557165214577
74	15	0.042878254876274724
74	16	0.04162100955313619
74	17	0.049965874236406194
74	18	0.037300186461987295
74	19	0.049677374912633354
74	20	0.022676898648203547
74	21	0.02003630575198656
74	22	0.018346406761796885
74	23	0.04092149203322393
74	24	0.03700847609934854
74	25	0.0644662701080918
74	26	0.02273657709767818
74	27	0.035318469044835155
74	28	0.028000281718231435
74	29	0.08265914037904665
74	30	0.08974368026400015
74	31	0.08753306532418748
74	32	0.11091313371842304
74	33	0.04934153477729808
74	34	0.1751352055131683
74	35	0.04929253029473202
75	1	0.0
75	2	0.0
75	3	0.0
75	4	0.0
75	5	0.0
75	6	0.0
75	7	0.0
75	8	0.0
75	9	0.0
75	10	0.0
75	11	0.0
75	12	0.0
75	13	0.024320401106344036
75	14	0.030205857576685702
75	15	0.05971561372072287
75	16	0.07161054722920568
75	17	0.049222940010952954
75	18	0.0055302397800502945
75	19	0.0013275705058184428
75	20	0.03477430202579512
75	21	-0.001169034324252749
75	22	0.028873915417985785
75	23	0.017291014916924752
75	24	0.015363538974717983
75	25	0.030801616847139
75	26	0.008678833807685749
75	27	0.03674067413759019
75	28	0.03736267680242378
75	29	0.044102902072118866
75	30	0.05234588491984837
75	31	0.133142751204808
75	32	0.01954644291793528
75	33	0.0322887074532332
75	34	0.05706347188814931
75	35	0.1104943361183679
76	1	0.0
76	2	0.0
76	3	0.0
76	4	0.0
76	5	0.0
76	6	0.0
76	7	0.0
76	8	0.0
76	9	0.0
76	10	0.0
76	11	0.0
76	12	0.0
76	13	0.004529413984126762
76	14	-0.07613579345757415
76	15	0.019958745688985147
76	16	0.013131931714415401
76	17	0.06285323676676313
76	18	0.028267181838497635
76	19	0.022129492930332617
76	20	0.020095872838826523
76	21	0.009637836952382628
76	22	3.035819907282189E-5
76	23	-0.028903416993912856
76	24	-0.08495711757709756
76	25	-0.10697747119229462
76	26	-0.09875923864363045
76	27	0.025736244776535244
76	28	0.018014191338792784
76	29	-0.024095640400197738
76	30	0.022846946969966808
76	31	-0.055669528899606746
76	32	-0.014293736378760968
76	33	-0.16690034131218212
76	34	0.016510181608904162
76	35	0.07465966022819615
77	1	0.0
77	2	0.0
77	3	0.0
77	4	0.0
77	5	0.0
77	6	0.0
77	7	0.0
77	8	0.0
77	9	0.0
77	10	0.0
77	11	0.0
77	12	0.0
77	13	0.006464139229358068
77	14	0.007371281466674873
77	15	0.023118646459661107
77	16	0.03628248872049511
77	17	-0.027211487292699843
77	18	-0.038537436432608985
77	19	0.017638166468188388
77	20	0.007390471042189262
77	21	0.02151146661604031
77	22	-0.018870886611900062
77	23	0.0076084456114280385
77	24	0.024635241160961385
77	25	0.026148257649992956
77	26	0.008896832346756867
77	27	0.03552341284676075
77	28	0.010482235125664374
77	29	-0.021933657855434774
77	30	0.014531829810927377
77	31	0.02833528985792455
77	32	0.03476693055630875
77	33	-7.455678064616222E-4
77	34	-0.037493548605255
77	35	-0.021184239527894277
78	1	0.0
78	2	0.0
78	3	0.0
78	4	0.0
78	5	0.0
78	6	0.0
78	7	0.0
78	8	0.0
78	9	0.0
78	10	0.0
78	11	0.0
78	12	0.0
78	13	0.02096752742567176
78	14	-0.01130686447597995
78	15	-0.018024672225369187
78	16	-0.022362405712680555
78	17	0.0036555907556135026
78	18	-0.022907783072490417
78	19	0.012324094363592053
78	20	0.03013795808777786
78	21	-0.01378343861553688
78	22	-0.045473638478533474
78	23	-0.03375578280939351
78	24	-0.0019986280155350755
78	25	-0.02751902541738005
78	26	0.0015150999372472995
78	27	0.004080818994292912
78	28	0.05075208783423335
78	29	0.03746532944986214
78	30	-0.04091369555465718
78	31	0.003675536021326309
78	32	0.05646152520161252
78	33	-0.011445849352483606
78	34	0.0661222480546293
78	35	0.021000678985288346
79	1	0.0
79	2	0.0
79	3	0.0
79	4	0.0
79	5	0.0
79	6	0.0
79	7	0.0
79	8	0.0
79	9	0.0
79	10	0.0
79	11	0.0
79	12	0.0
79	13	0.011542399359385058
79	14	-0.004383942866770241
79	15	0.01148105079657924
79	16	-0.021282350708037967
79	17	0.02796210550178202
79	18	-0.008540344107604625
79	19	0.0042932024348658615
79	20	0.02942087865685039
79	21	-0.0013244129441538632
79	22	-0.014532991791583072
79	23	-0.04298665087626219
79	24	-0.009895985314742006
79	25	-0.004617989415038437
79	26	-0.009838938146891962
79	27	0.025909524503781256
79	28	0.0287295047269005
79	29	-0.029267722129990403
79	30	0.052679319039313555
79	31	0.03527773743070384
79	32	0.03725540616459355
79	33	0.01749078364754908
79	34	0.05789663724459615
79	35	0.02866859534029942
80	1	0.0
80	2	0.0
80	3	0.0
80	4	0.0
80	5	0.0
80	6	0.0
80	7	0.0
80	8	0.0
80	9	0.0
80	10	0.0
80	11	0.0
80	12	0.0
80	13	0.01457784155953945
80	14	-0.012037973952537584
80	15	-0.02928781419234383
80	16	-0.020878445842541282
80	17	-0.03624030098509223
80	18	0.013418481541254579
80	19	0.020186452276455213
80	20	-2.4207086520533494E-4
80	21	-0.003933247572444287
80	22	-0.024363094224838733
80	23	-0.026079968035329415
80	24	-0.04402120259997133
80	25	0.014268572728820317
80	26	-0.05419573433193392
80	27	-0.03101886709418622
80	28	-0.02408314598913819
80	29	-0.033154120498107176
80	30	-0.027615804848561964
80	31	-0.05163398292616961
80	32	-0.001825721561285576
80	33	-0.07190428523426817
80	34	-0.013823979410606313
80	35	-0.08301686035723321
81	1	0.0
81	2	0.0
81	3	0.0
81	4	0.0
81	5	0.0
81	6	0.0
81	7	0.0
81	8	0.0
81	9	0.0
81	10	0.0
81	11	0.0
81	12	0.0
81	13	-0.006752388999807124
81	14	0.021068125500828927
81	15	0.01458716770007129
81	16	-0.04717166245318438
81	17	-0.0049876546711651315
81	18	-0.014865172775760271
81	19	0.008058374592408768
81	20	-0.016251725512162807
81	21	-0.030683147678168154
81	22	-0.02187117421027196
81	23	-0.031892679205128616
81	24	-0.0020120931355798177
81	25	0.0031630661242552094
81	26	-0.01176468558911381
81	27	-0.014951901247414412
81	28	0.04625564550050143
81	29	0.05515327756225119
81	30	-0.05850322725594026
81	31	0.02388463874506286
81	32	0.012506305046901645
81	33	0.0026327657674833915
81	34	0.007924410643681767
81	35	0.016765066617349333
82	1	0.0
82	2	0.0
82	3	0.0
82	4	0.0
82	5	0.0
82	6	0.0
82	7	0.0
82	8	0.0
82	9	0.0
82	10	0.0
82	11	0.0
82	12	0.0
82	13	0.0073444726122211534
82	14	0.005736230717293012
82	15	-0.025163350263088802
82	16	-0.02097730852027624
82	17	5.484776810860126E-5
82	18	0.052221497070391365
82	19	-0.02460285730574796
82	20	0.007436598332745348
82	21	-0.005059044224129394
82	22	-0.015153809965532616
82	23	0.010746463060478106
82	24	0.017092492992308195
82	25	0.00774346871808973
82	26	0.037887238721378225
82	27	0.014987406922042368
82	28	-9.850773911530553E-4
82	29	0.017197092928348923
82	30	0.01215091268805324
82	31	-0.017539406974290017
82	32	0.041144581662759805
82	33	0.03430300286880339
82	34	0.053192704628120424
82	35	-0.04070714717442314
83	1	0.0
83	2	0.0
83	3	0.0
83	4	0.0
83	5	0.0
83	6	0.0
83	7	0.0
83	8	0.0
83	9	0.0
83	10	0.0
83	11	0.0
83	12	0.0
83	13	-0.004453224075440687
83	14	-0.0030550041556125507
83	15	0.028346288026050104
83	16	0.001522962112545656
83	17	0.022908459285794436
83	18	0.006711725958066239
83	19	-0.0010101382228384637
83	20	-0.012544377419612118
83	21	0.020094291624154437
83	22	0.001598849130768798
83	23	-0.012543058120279227
83	24	-2.6934762955832525E-4
83	25	-0.03459526016732539
83	26	-0.0206465035781207
83	27	-0.02042930605723825
83	28	-0.02973110223655695
83	29	0.011891909642653076
83	30	0.00678277210183964
83	31	0.01759305100742381
83	32	-0.039151939422673365
83	33	-0.04115772896357228
83	34	0.017897393381435478
83	35	-0.001353987194292472
84	1	0.0
84	2	0.0
84	3	0.0
84	4	0.0
84	5	0.0
84	6	0.0
84	7	0.0
84	8	0.0
84	9	0.0
84	10	0.0
84	11	0.0
84	12	0.0
84	13	-0.047052216248427925
84	14	0.015727090196680393
84	15	-0.022029402174851498
84	16	-0.02257898745145681
84	17	0.00110058482718145
84	18	0.015162318960651788
84	19	0.0010423120753948467
84	20	0.0013984457432947295
84	21	0.006712908773895521
84	22	-0.04033257884851693
84	23	0.004190861987598993
84	24	0.008703257137508302
84	25	-0.04433227897035863
84	26	-0.013283416573809603
84	27	-0.0015389220303987372
84	28	-0.005728779173136189
84	29	-0.009334032764900968
84	30	0.0020721157259124823
84	31	-0.04262006196141854
84	32	-0.04566453598304676
84	33	-0.003370963327917309
84	34	-0.14206633679690484
84	35	-0.029042046513932718
85	1	0.0
85	2	0.0
85	3	0.0
85	4	0.0
85	5	0.0
85	6	0.0
85	7	0.0
85	8	0.0
85	9	0.0
85	10	0.0
85	11	0.0
85	12	0.0
85	13	-0.010227813794045915
85	14	-0.0057422837943335026
85	15	0.0061259057897018465
85	16	0.0031430067805438
85	17	-0.01843766969408378
85	18	0.009165295326560852
85	19	-0.059274197382872984
85	20	-0.0055440759307714416
85	21	-0.02407258379828292
85	22	-0.02299139668234318
85	23	-0.03376755416794097
85	24	-0.0032313487518251804
85	25	-0.04104480529433019
85	26	-0.008109170332545546
85	27	-0.04066895953117111
85	28	-5.438823295449424E-4
85	29	-0.04124395349613863
85	30	0.03762285304691204
85	31	-0.07195995562507207
85	32	-0.03950957126169996
85	33	-0.007260398029572457
85	34	-0.010613132256530378
85	35	-0.03566927363292294
86	1	0.0
86	2	0.0
86	3	0.0
86	4	0.0
86	5	0.0
86	6	0.0
86	7	0.0
86	8	0.0
86	9	0.0
86	10	0.0
86	11	0.0
86	12	0.0
86	13	-0.0038405350069972144
86	14	-0.03200393964787551
86	15	-0.015455643095656058
86	16	-0.010047648442917279
86	17	0.023948669418842883
86	18	-0.00348997661681949
86	19	-0.028108714047128558
86	20	0.01513914109753145
86	21	-0.010043479358863294
86	22	-0.04154267361970554
86	23	-0.018739630888710224
86	24	-0.009832957952987442
86	25	-0.03679085020823081
86	26	-2.280908378047286E-4
86	27	0.0038041217458086862
86	28	-0.03537189204197233
86	29	-0.016388174546396073
86	30	-0.03316711779507742
86	31	-0.02415455111155751
86	32	0.002467772733229623
86	33	-0.021151123020182183
86	34	-0.07275343746908902
86	35	-0.009966614670247509
87	1	0.0
87	2	0.0
87	3	0.0
87	4	0.0
87	5	0.0
87	6	0.0
87	7	0.0
87	8	0.0
87	9	0.0
87	10	0.0
87	11	0.0
87	12	0.0
87	13	-0.007912760333272928
87	14	-0.03666002809785951
87	15	-0.019550184691581762
87	16	0.026039515613767605
87	17	-0.027985643556046824
87	18	-0.015069029212515517
87	19	-0.040581332029997697
87	20	-0.04169031879295204
87	21	-0.02282579960519726
87	22	-0.0182007518760976
87	23	0.004964161971674486
87	24	-0.033039811389148355
87	25	-0.016763900568825818
87	26	-0.01150108128287286
87	27	0.009546646687212501
87	28	-4.190803926107378E-5
87	29	0.02942985255451802
87	30	-0.0067225943494122475
87	31	-0.06695646120132182
87	32	-0.18506965160524302
87	33	-0.05869407612300037
87	34	-0.023722379715408692
87	35	-0.09380252899296693
88	1	0.0
88	2	0.0
88	3	0.0
88	4	0.0
88	5	0.0
88	6	0.0
88	7	0.0
88	8	0.0
88	9	0.0
88	10	0.0
88	11	0.0
88	12	0.0
88	13	-0.051236546636342695
88	14	-0.016944459273442902
88	15	0.0020347861055611816
88	16	-8.762998824067836E-4
88	17	-0.010724382835057611
88	18	-0.08238829103247625
88	19	-0.06918716335319175
88	20	-0.032375949223894196
88	21	-0.043078695957177615
88	22	-0.012770884435070684
88	23	0.01055630965970522
88	24	-0.043797398586782776
88	25	-0.045144013507496084
88	26	-0.07069113955853368
88	27	-0.00402999984133956
88	28	-0.033425938897075014
88	29	-0.007316363465346143
88	30	-0.026042541850376466
88	31	-0.019963757670929283
88	32	-0.06304697210981303
88	33	-0.06550104969393544
88	34	-0.03623347506733765
88	35	-0.12058075670625712
89	1	0.0
89	2	0.0
89	3	0.0
89	4	0.0
89	5	0.0
89	6	0.0
89	7	0.0
89	8	0.0
89	9	0.0
89	10	0.0
89	11	0.0
89	12	0.0
89	13	-0.01829304069922344
89	14	-0.006004845029188743
89	15	-0.02080107469197756
89	16	-0.0034658529440498853
89	17	-0.0053602328582975645
89	18	-0.11414755946211486
89	19	0.0056108311893154905
89	20	-0.05605492742938978
89	21	-0.010785891309474493
89	22	-0.031954830792024325
89	23	0.004610146326704978
89	24	0.03254792650889016
89	25	0.005389591038884589
89	26	-0.06270122251557453
89	27	0.013342491080166496
89	28	-0.07218042599924246
89	29	0.0575727314154193
89	30	-0.039873990005624194
89	31	-4.7227997339760464E-4
89	32	-0.08942795739110565
89	33	-0.10824071358050347
89	34	-0.07252413319914908
89	35	-0.07840863136278742
90	1	0.0
90	2	0.0
90	3	0.0
90	4	0.0
90	5	0.0
90	6	0.0
90	7	0.0
90	8	0.0
90	9	0.0
90	10	0.0
90	11	0.0
90	12	0.0
90	13	-0.037804565398662504
90	14	-0.06425959178624652
90	15	0.02322690484594858
90	16	-0.03626813758806691
90	17	0.006481636194436646
90	18	-0.10617405170147265
90	19	-0.029800724886154484
90	20	-0.03326830949412596
90	21	-0.007006917087363007
90	22	-0.04498254344721886
90	23	-0.012116742081687448
90	24	-0.04700704520740118
90	25	-0.018461787775315486
90	26	-0.047067434629280314
90	27	-0.008584455499072163
90	28	-0.012765671592614325
90	29	-0.05646636557274931
90	30	-0.08996936995128024
90	31	-0.05021170973929401
90	32	-0.08583185909942159
90	33	-0.10350128115110735
90	34	-0.4081142503345667
90	35	-0.17868600828377268
91	1	0.0
91	2	0.0
91	3	0.0
91	4	0.0
91	5	0.0
91	6	0.0
91	7	0.0
91	8	0.0
91	9	0.0
91	10	0.0
91	11	0.0
91	12	0.0
91	13	-0.015264262564656406
91	14	-0.003867084592208414
91	15	-0.24487172437080318
91	16	-0.03764689461098314
91	17	-0.038722492385115714
91	18	-0.05789225857641611
91	19	-0.022675206414522364
91	20	-0.0072812552315433265
91	21	-0.024318824258536154
91	22	0.0037137447263368983
91	23	-0.01893781062367239
91	24	-0.0019048821275227112
91	25	-0.014271499689261447
91	26	-0.08101351357951003
91	27	-0.0818404220685025
91	28	-0.07460467759482015
91	29	-0.06718244563789355
91	30	-0.022190185590599043
91	31	-0.08687222319380083
91	32	-0.09527058312644243
91	33	-0.12570047587063726
91	34	-0.1861279482880569
91	35	-0.1434217165311935
92	1	0.0
92	2	0.0
92	3	0.0
92	4	0.0
92	5	0.0
92	6	0.0
92	7	0.0
92	8	0.0
92	9	0.0
92	10	0.0
92	11	0.0
92	12	0.0
92	13	-0.009869022936911165
92	14	-0.025205708212954647
92	15	-0.02641043082861927
92	16	-0.05529076897828489
92	17	-0.15676186944576642
92	18	-0.05948107116833867
92	19	-0.07452239875393829
92	20	-0.012404404246915135
92	21	-0.01409904724380695
92	22	-0.06369579752092847
92	23	-0.029461918084258798
92	24	-0.021558295339389133
92	25	-0.04618845230871571
92	26	-0.005830382747120666
92	27	-0.014616937973318755
92	28	-0.07847478008889652
92	29	-0.07550666698872632
92	30	-0.07285347548617693
92	31	-0.010059247254151416
92	32	-0.11491212979206722
92	33	-0.1445484472559606
92	34	-0.30203665480163266
92	35	-0.22499637647958437
93	1	0.0
93	2	0.0
93	3	0.0
93	4	0.0
93	5	0.0
93	6	0.0
93	7	0.0
93	8	0.0
93	9	0.0
93	10	0.0
93	11	0.0
93	12	0.0
93	13	-0.009921768070054071
93	14	-0.04016389325346381
93	15	-0.014715173816394866
93	16	-0.018777586150157788
93	17	-0.030705410162671143
93	18	-0.06556889607997718
93	19	-0.018390293844138483
93	20	-0.02162776626309082
93	21	-0.039076072248420246
93	22	-0.06908463694588463
93	23	-0.023141769846500182
93	24	-0.019414046416049047
93	25	-0.022915881512727054
93	26	0.011420497004269947
93	27	-0.010151435305903789
93	28	-0.03980539925233373
93	29	-0.02170279811971554
93	30	-0.10728800338970146
93	31	-0.274057258523289
93	32	-0.12294760158693308
93	33	-0.12130753073810041
93	34	-0.1273427403339049
93	35	-0.2516289076334033
94	1	0.0
94	2	0.0
94	3	0.0
94	4	0.0
94	5	0.0
94	6	0.0
94	7	0.0
94	8	0.0
94	9	0.0
94	10	0.0
94	11	0.0
94	12	0.0
94	13	-0.02990983800194158
94	14	0.006856843374013266
94	15	-0.11083002060539826
94	16	-0.29324832494673814
94	17	-0.12315136333895893
94	18	-0.05384337441063636
94	19	-0.035792792651129446
94	20	-0.03678379709327828
94	21	-0.18688021668177512
94	22	-0.06524366113861646
94	23	-0.04653366896873479
94	24	-0.0483056346334827
94	25	-0.02557100854987482
94	26	-0.06605329299761209
94	27	9.277658856596815E-4
94	28	0.017090758542700257
94	29	-0.14235721658312173
94	30	-0.08635984409075803
94	31	-0.1430120399499799
94	32	-0.1723935403025365
94	33	-0.19978641090237304
94	34	-0.15712272095658264
94	35	-0.30280448931460313
95	1	0.0
95	2	0.0
95	3	0.0
95	4	0.0
95	5	0.0
95	6	0.0
95	7	0.0
95	8	0.0
95	9	0.0
95	10	0.0
95	11	0.0
95	12	0.0
95	13	-0.017343353392583083
95	14	-0.050616199991242894
95	15	-0.034913783812978494
95	16	-0.04777536099841839
95	17	-0.01266870691467048
95	18	-0.056554072954778434
95	19	0.005364149652464789
95	20	-0.04154175593364684
95	21	-0.03945874017655626
95	22	-0.050312898266753336
95	23	-0.017526597251631415
95	24	-0.027523233426343552
95	25	-0.017899946276170198
95	26	-0.024861046256411612
95	27	-0.048269870377556146
95	28	9.558724879532576E-4
95	29	-0.09111562304621756
95	30	-0.0819960098411201
95	31	-0.16829337444328374
95	32	-0.11503933355137264
95	33	-0.19592602587463048
95	34	-0.204237269056172
95	35	-0.3189162542115973
96	1	0.0
96	2	0.0
96	3	0.0
96	4	0.0
96	5	0.0
96	6	0.0
96	7	0.0
96	8	0.0
96	9	0.0
96	10	0.0
96	11	0.0
96	12	0.0
96	13	-0.014975374480304282
96	14	-0.017929215229678164
96	15	-0.05593753292734149
96	16	-0.03874427179539097
96	17	-0.05746963953098572
96	18	-0.05353943319487087
96	19	-0.08899640708720824
96	20	-0.0673782292007381
96	21	-0.07197563273911811
96	22	-0.0505032794743876
96	23	-0.035209940430576125
96	24	-0.034260968725089214
96	25	-0.021167065528697293
96	26	0.0012576351650217532
96	27	-0.007194424440939429
96	28	-0.053886691853588076
96	29	-0.010519757881937153
96	30	-0.09839445385081902
96	31	-0.205062447070528
96	32	-0.12427288457666918
96	33	-0.18795012571939296
96	34	-0.16528995632822685
96	35	-0.31648617701432613
97	1	0.0
97	2	0.0
97	3	0.0
97	4	0.0
97	5	0.0
97	6	0.0
97	7	0.0
97	8	0.0
97	9	0.0
97	10	0.0
97	11	0.0
97	12	0.0
97	13	-0.01674627137068896
97	14	-0.03795247293763282
97	15	-0.09577123096966034
97	16	-0.07487453810193401
97	17	-0.06689724446325584
97	18	-0.0726874783413507
97	19	-0.06224425744036921
97	20	-0.07065914145829666
97	21	-0.05431544004638056
97	22	-0.055399503189860866
97	23	-0.01829429701850316
97	24	-0.04565947081476551
97	25	-0.02508322563037879
97	26	-0.05557190221308872
97	27	-0.017896441399575025
97	28	-0.05494428116056227
97	29	-0.15112101369135544
97	30	-0.07444355404988201
97	31	-0.22106504965522333
97	32	-0.2322920764135965
97	33	-0.20915674059249056
97	34	-0.2962673452611
97	35	-0.3288699051634971
98	1	0.0
98	2	0.0
98	3	0.0
98	4	0.0
98	5	0.0
98	6	0.0
98	7	0.0
98	8	0.0
98	9	0.0
98	10	0.0
98	11	0.0
98	12	0.0
98	13	-0.029200280255885502
98	14	0.020353380111757247
98	15	-0.0935485921258774
98	16	-0.03586235526904957
98	17	0.003274399901137315
98	18	-0.07515651908135723
98	19	-0.032479176204745386
98	20	-0.0697783216363348
98	21	-0.04546438932307595
98	22	-0.03815505309126621
98	23	-0.05792683679935351
98	24	-0.05606091173020289
98	25	-0.008241187324259158
98	26	-0.02356342545220258
98	27	-0.010629594172097967
98	28	-0.09536490526710395
98	29	-0.01339172768772201
98	30	-0.0780501948488137
98	31	-0.1584257371700808
98	32	-0.15302632728152687
98	33	-0.2767558955946825
98	34	-0.48214309308750636
98	35	-0.40752935832537673
99	1	0.0
99	2	0.0
99	3	0.0
99	4	0.0
99	5	0.0
99	6	0.0
99	7	0.0
99	8	0.0
99	9	0.0
99	10	0.0
99	11	0.0
99	12	0.0
99	13	-0.07494760393856126
99	14	-0.01111801611605756
99	15	-0.10455340024739002
99	16	-0.1415035635911508
99	17	-0.06011319874212262
99	18	-0.09960986986697762
99	19	-0.0350277031839461
99	20	-0.07941109250405987
99	21	-0.04965051364804296
99	22	-0.049058430075866966
99	23	-0.018965994617179405
99	24	-0.075871280089288
99	25	-0.07610058593445146
99	26	-0.06205471322463296
99	27	-0.13319477229851628
99	28	-0.11279106717871556
99	29	-0.13626018909336324
99	30	-0.2172067656863952
99	31	-0.25712849144691674
99	32	-0.2714997761314102
99	33	-0.26876673061362766
99	34	-0.3780280889875911
99	35	-0.3773942964271271
100	1	0.0
100	2	0.0
100	3	0.0
100	4	0.0
100	5	0.0
100	6	0.0
100	7	0.0
100	8	0.0
100	9	0.0
100	10	0.0
100	11	0.0
100	12	0.0
100	13	-0.06168265041831944
100	14	-0.04244874934741816
100	15	-0.08891226126189977
100	16	-0.03236927758254282
100	17	-0.044914363963346915
100	18	-0.08927241731492686
100	19	-0.06516974385976582
100	20	-0.044316131407793335
100	21	-0.04683650960836516
100	22	-0.08797624520783387
100	23	-0.04764775335014804
100	24	-0.07821554454339008
100	25	-0.0766467377444151
100	26	-0.13191405474946194
100	27	-0.03913288882846189
100	28	-0.09318932351956022
100	29	-0.0975106373306005
100	30	-0.07636385800566359
100	31	-0.26446150922123124
100	32	-0.2786066345849356
100	33	-0.24117790140277506
100	34	-0.3667333712107954
100	35	-0.3513019471684977
>>END_MODULE
>>Per sequence quality scores	warn
#Quality	Count
9	2.0
10	1.0
11	60.0
12	1457.0
13	2093.0
14	2308.0
15	2147.0
16	3872.0
17	7815.0
18	32684.0
19	142399.0
20	958200.0
21	6001906.0
>>END_MODULE
>>Per base sequence content	fail
#Base	G	A	T	C
1	36.669553248774555	11.032133864360084	15.286464855629896	37.011848031235466
2	25.32109265984472	21.252088066657127	31.485599328240728	21.941219945257433
3	28.197383515510392	24.73752415113242	22.350237821567855	24.71485451178933
4	30.108341868224265	31.30652035851014	16.645608966331533	21.939528806934057
5	28.945984762424416	31.537549420372823	18.880147769150955	20.63631804805181
6	22.865965128448245	33.1515941983613	19.31629374038427	24.666146932806182
7	19.690300860495906	14.245184867973808	39.506332963612294	26.558181307917994
8	23.39010619789617	19.69425616748363	24.492309094243087	32.42332854037711
9	22.988132401874843	19.158095437224944	27.41869118752013	30.435080973380085
10	24.94519873251279	34.63350656553007	20.034594260975346	20.38670044098179
11	29.925978456295393	22.3550177331926	17.773835825968728	29.945167984543275
12	25.114606068195645	19.943244838813552	26.05559176983076	28.88655732316004
13	24.03135746370313	23.48976592097202	27.988727668910514	24.490148946414337
14	25.107237203828713	23.23136220473762	26.287391790963383	25.374008800470282
15	25.652037886626978	23.513806553636048	25.061838228900562	25.772317330836415
16	26.008047912189134	23.659111256464527	24.32652672003884	26.0063141113075
17	25.71448829746499	24.431291677143786	24.083050392825566	25.77116963256566
18	25.55932984760694	24.219047440547907	24.37806470851683	25.843558003328326
19	26.109583796573173	23.95322012919305	24.258521457297174	25.678674616936604
20	25.933801234805763	24.312318220725377	24.288926875551052	25.46495366891781
21	25.44041939084185	24.297992674754806	24.58052666035209	25.681061274051252
22	25.945001467026586	24.227545472929375	24.27432530062857	25.553127759415474
23	25.889277637773812	24.825576802759844	24.095252409097423	25.189893150368924
24	25.555928089817204	24.83398281167964	24.2679235313412	25.342165567161956
25	26.22187084111898	24.58622634618918	23.837543745267	25.35435906742484
26	26.011985826912987	24.696605518498394	24.15855521543644	25.132853439152182
27	25.67824079321937	24.741028463568497	24.257553353972128	25.323177389240005
28	25.801477372096844	24.1245644361533	24.37312611135009	25.70083208039977
29	25.808641395694515	24.395757064946416	24.179177119350985	25.616424420008087
30	25.127345008327428	24.44170997282747	24.636832456207582	25.794112562637523
31	25.36980816638486	24.321971735790406	24.80661933957672	25.501600758248017
32	25.581782256797297	24.399992556007994	24.694016247771874	25.32420893942284
33	25.43966284512641	24.27396661208123	24.852279163473806	25.434091379318552
34	25.897286315406802	24.19951055138322	24.311874677198016	25.591328456011965
35	25.93564860418201	24.554266206257154	24.48393467168406	25.026150517876772
>>END_MODULE
>>Per sequence GC content	pass
#GC Content	Count
0	979.0
1	624.5
2	270.0
3	270.0
4	313.5
5	357.0
6	357.0
7	506.0
8	655.0
9	655.0
10	1041.5
11	1428.0
12	1428.0
13	2331.5
14	3235.0
15	3235.0
16	5185.0
17	7135.0
18	7135.0
19	11423.5
20	15712.0
21	23407.5
22	31103.0
23	31103.0
24	45138.5
25	59174.0
26	59174.0
27	79968.5
28	100763.0
29	100763.0
30	132469.5
31	164176.0
32	164176.0
33	200214.5
34	236253.0
35	236253.0
36	280271.0
37	324289.0
38	324289.0
39	381581.5
40	438874.0
41	484281.5
42	529689.0
43	529689.0
44	558825.0
45	587961.0
46	587961.0
47	625581.5
48	663202.0
49	663202.0
50	673557.5
51	683913.0
52	683913.0
53	679213.0
54	674513.0
55	674513.0
56	653488.0
57	632463.0
58	632463.0
59	591286.0
60	550109.0
61	491608.5
62	433108.0
63	433108.0
64	382267.0
65	331426.0
66	331426.0
67	284405.5
68	237385.0
69	237385.0
70	198018.5
71	158652.0
72	158652.0
73	132351.5
74	106051.0
75	106051.0
76	86937.0
77	67823.0
78	67823.0
79	55815.5
80	43808.0
81	36297.0
82	28786.0
83	28786.0
84	22960.0
85	17134.0
86	17134.0
87	14813.5
88	12493.0
89	12493.0
90	9910.0
91	7327.0
92	7327.0
93	5460.0
94	3593.0
95	3593.0
96	2258.0
97	923.0
98	923.0
99	552.5
100	182.0
>>END_MODULE
>>Per base N content	pass
#Base	N-Count
1	0.0
2	0.0
3	0.0
4	0.0
5	0.0
6	0.0
7	0.0
8	0.0
9	0.0
10	0.0
11	0.0
12	0.0
13	0.05566780117356614
14	0.04902903502808688
15	0.02239011234749007
16	0.04230641078392787
17	0.062082945722566105
18	0.07555614691044403
19	0.04641545761923503
20	0.03809952950016101
21	0.04525542058749866
22	0.0618593241260868
23	0.03310997262871659
24	0.12153833768650041
25	0.19007835700740636
26	0.17715023346094672
27	0.12827493828043937
28	0.15434083062005796
29	0.12373262460195357
30	0.07094395148305843
31	0.08151007191670542
32	0.11517909853662027
33	0.1593583401910623
34	0.11928814537192745
35	0.08310337579162046
>>END_MODULE
>>Sequence Length Distribution	pass
#Length	Count
35	7154944.0
>>END_MODULE
>>Sequence Duplication Levels	warn
#Total Deduplicated Percentage	53.56222740764611
#Duplication Level	Percentage of deduplicated	Percentage of total
1	86.66071683148472	46.41741022237609
2	6.752284650949081	7.23334811990586
3	2.2361198811974874	3.5931468476237525
4	1.0474328220142852	2.244113400278467
5	0.6122159410478949	1.6395824728496704
6	0.41583192010374886	1.3363730320773075
7	0.29324270245824785	1.0994712620290963
8	0.2188390535107278	0.937720571985251
9	0.18700558207516274	0.9014791962248186
>10	1.2742249018844087	13.772248906165599
>50	0.17461089258980667	6.543370805479208
>100	0.12165866569909412	12.089344178440886
>500	0.005294555373636605	1.833638651420293
>1k	5.215996118119178E-4	0.35875233314369176
>5k	0.0	0.0
>10k+	0.0	0.0
>>END_MODULE
>>Overrepresented sequences	pass
>>END_MODULE
>>Adapter Content	pass
#Position	Illumina Universal Adapter	Illumina Small RNA 3' Adapter	Illumina Small RNA 5' Adapter	Nextera Transposase Sequence	SOLID Small RNA Adapter
1	0.0	1.3976349779956348E-5	0.0	0.0	0.0
2	1.3976349779956348E-5	5.590539911982539E-5	0.0	0.0	0.0
3	2.7952699559912696E-5	5.590539911982539E-5	0.0	0.0	0.0
4	5.590539911982539E-5	5.590539911982539E-5	0.0	1.3976349779956348E-5	0.0
5	8.38580986797381E-5	5.590539911982539E-5	0.0	1.3976349779956348E-5	0.0
6	1.397634977995635E-4	5.590539911982539E-5	0.0	1.3976349779956348E-5	0.0
7	1.397634977995635E-4	8.38580986797381E-5	0.0	1.3976349779956348E-5	1.3976349779956348E-5
8	1.397634977995635E-4	9.783444845969444E-5	0.0	1.3976349779956348E-5	1.3976349779956348E-5
9	1.677161973594762E-4	9.783444845969444E-5	0.0	1.3976349779956348E-5	1.3976349779956348E-5
10	2.2362159647930157E-4	9.783444845969444E-5	0.0	1.3976349779956348E-5	1.3976349779956348E-5
11	2.6555064581917063E-4	9.783444845969444E-5	0.0	1.3976349779956348E-5	2.7952699559912696E-5
12	2.6555064581917063E-4	9.783444845969444E-5	0.0	1.3976349779956348E-5	2.7952699559912696E-5
13	3.354323947189524E-4	9.783444845969444E-5	0.0	1.3976349779956348E-5	2.7952699559912696E-5
14	3.633850942788651E-4	9.783444845969444E-5	0.0	1.3976349779956348E-5	2.7952699559912696E-5
15	3.7736144405882145E-4	9.783444845969444E-5	0.0	1.3976349779956348E-5	2.7952699559912696E-5
16	4.1929049339869045E-4	9.783444845969444E-5	0.0	1.3976349779956348E-5	2.7952699559912696E-5
17	4.751958925185159E-4	9.783444845969444E-5	0.0	1.3976349779956348E-5	2.7952699559912696E-5
18	6.289357400980358E-4	9.783444845969444E-5	0.0	1.3976349779956348E-5	5.590539911982539E-5
19	7.547228881176429E-4	9.783444845969444E-5	0.0	1.3976349779956348E-5	5.590539911982539E-5
20	9.923208343769008E-4	9.783444845969444E-5	0.0	2.7952699559912696E-5	5.590539911982539E-5
21	0.0012718478299760278	9.783444845969444E-5	0.0	4.192904933986905E-5	5.590539911982539E-5
22	0.0021942869154531466	9.783444845969444E-5	0.0	4.192904933986905E-5	5.590539911982539E-5
23	0.004025188736627428	9.783444845969444E-5	0.0	4.192904933986905E-5	5.590539911982539E-5
>>END_MODULE
>>Kmer Content	fail
#Sequence	Count	PValue	Obs/Exp Max	Max Obs/Exp Position
GCGAATA	210	0.0	16.550947	2
AAATCGA	415	0.0	13.260698	4
ATAACGC	175	6.764094E-8	11.604315	28
GGCGAAT	475	0.0	11.585663	1
CGTATTG	455	0.0	11.154716	11
GTCGGAT	560	0.0	11.120168	1
TAACGCC	185	1.4596117E-7	10.977132	29
ACGATCG	205	5.383481E-8	10.596643	3
ATCGAAT	315	0.0	10.574216	6
ACGTCGC	375	0.0	10.060452	25
CCGACAT	930	0.0	9.966162	1
TCGAATA	325	9.094947E-12	9.808943	7
GTACGTA	400	0.0	9.7814865	8
ATCGCGT	120	0.0039119655	9.66742	11
CGACAAT	660	0.0	9.654719	1
CGGCGAT	375	0.0	9.654718	1
CGACAAC	420	0.0	9.654718	1
CGGCAAC	425	0.0	9.541134	1
CGGAAAT	320	6.730261E-11	9.503863	1
AAAATCG	460	0.0	9.444834	3
>>END_MODULE
