##FastQC	0.11.5
>>Basic Statistics	pass
#Measure	Value
Filename	SRR032150.fastq
File type	Conventional base calls
Encoding	Sanger / Illumina 1.9
Total Sequences	6437039
Sequences flagged as poor quality	0
Sequence length	35
%GC	51
>>END_MODULE
>>Per base sequence quality	fail
#Base	Mean	Median	Lower Quartile	Upper Quartile	10th Percentile	90th Percentile
1	21.960567428595663	22.0	22.0	22.0	22.0	22.0
2	21.95368196464244	22.0	22.0	22.0	22.0	22.0
3	21.950760901091325	22.0	22.0	22.0	22.0	22.0
4	21.944606829320126	22.0	22.0	22.0	22.0	22.0
5	21.835086442695157	22.0	22.0	22.0	22.0	22.0
6	21.94188337215294	22.0	22.0	22.0	22.0	22.0
7	21.950075958837594	22.0	22.0	22.0	22.0	22.0
8	21.94514947012128	22.0	22.0	22.0	22.0	22.0
9	21.943316018436427	22.0	22.0	22.0	22.0	22.0
10	21.928891684515193	22.0	22.0	22.0	22.0	22.0
11	21.845010570854082	22.0	22.0	22.0	22.0	22.0
12	21.941663084533122	22.0	22.0	22.0	22.0	22.0
13	21.8147270818151	22.0	22.0	22.0	22.0	22.0
14	21.825295450283896	22.0	22.0	22.0	22.0	22.0
15	21.82696221042004	22.0	22.0	22.0	22.0	22.0
16	21.57917343673077	22.0	22.0	22.0	22.0	22.0
17	21.555138006776097	22.0	22.0	22.0	22.0	22.0
18	21.302516110279896	22.0	22.0	22.0	22.0	22.0
19	21.29245869102238	22.0	22.0	22.0	22.0	22.0
20	21.264367514318305	22.0	22.0	22.0	22.0	22.0
21	21.259250099308083	22.0	22.0	22.0	22.0	22.0
22	21.72840664783917	22.0	22.0	22.0	22.0	22.0
23	21.489938308591885	22.0	22.0	22.0	22.0	22.0
24	21.47640491225857	22.0	22.0	22.0	22.0	22.0
25	20.47090657676612	22.0	22.0	22.0	22.0	22.0
26	21.205741956822074	22.0	22.0	22.0	22.0	22.0
27	21.178206625748267	22.0	22.0	22.0	22.0	22.0
28	21.16917545473936	22.0	22.0	22.0	22.0	22.0
29	21.13212612196384	22.0	22.0	22.0	22.0	22.0
30	21.078888290097357	22.0	22.0	22.0	22.0	22.0
31	16.293661262577405	17.0	17.0	17.0	16.0	17.0
32	16.289861534161904	17.0	17.0	17.0	16.0	17.0
33	16.267326638847457	17.0	17.0	17.0	16.0	17.0
34	16.426969915826206	17.0	17.0	17.0	16.0	17.0
35	16.217878437585977	17.0	17.0	17.0	16.0	17.0
>>END_MODULE
>>Per tile sequence quality	fail
#Tile	Base	Mean
8	1	-0.0015461289371430098
8	2	-0.009489841131568255
8	3	-0.001772578904024158
8	4	-0.010068194469223357
8	5	0.1629209917928165
8	6	-0.05804901635279336
8	7	-0.028227567362328898
8	8	-0.0641088109077863
8	9	-0.033768901643238536
8	10	-0.12686283217185235
8	11	0.00398463323504572
8	12	-0.09363346737725564
8	13	-0.21769609606502272
8	14	-0.25111176208821817
8	15	-0.2690788376273261
8	16	-21.581406058707543
8	17	-21.56143658724338
8	18	-21.321954983112093
8	19	-21.312203579826072
8	20	-21.284982732750834
8	21	-21.280950737096887
8	22	-0.13341761473731495
8	23	-21.49458151187136
8	24	-21.481960225724027
8	25	-20.415297455703357
8	26	-21.230127767014718
8	27	-21.20370308505078
8	28	-21.193791944819235
8	29	-21.15765857151194
8	30	-21.104176412348085
8	31	-16.314857671417936
8	32	-16.31199826687907
8	33	-16.2862231424578
8	34	-16.436244772004112
8	35	-16.237011452110718
9	1	-0.026907058413293328
9	2	-0.015909570144930996
9	3	-0.00759242939302851
9	4	-0.018518107016184615
9	5	0.14861688405274975
9	6	-0.00936439832849345
9	7	-0.020040066815475654
9	8	-0.011763770472473567
9	9	-0.024518503655230006
9	10	-0.05721557978183256
9	11	0.079871699156012
9	12	-0.01613716169246615
9	13	-0.08048248421652104
9	14	-0.02788866544777946
9	15	-0.04968744462939867
9	16	-0.0010742092538791326
9	17	-0.11775656565967552
9	18	-21.321954983112093
9	19	-21.312203579826072
9	20	-21.284982732750834
9	21	-21.280950737096887
9	22	-0.16257934531426343
9	23	-0.25365341258632057
9	24	-0.2947215908933245
9	25	-20.415297455703357
9	26	-21.230127767014718
9	27	-21.20370308505078
9	28	-21.193791944819235
9	29	-21.15765857151194
9	30	-21.104176412348085
9	31	-16.314857671417936
9	32	-16.31199826687907
9	33	-16.2862231424578
9	34	-0.6685393895678526
9	35	-16.237011452110718
10	1	-0.00823677504214615
10	2	-0.01690810176906865
10	3	-0.017414486398955376
10	4	-0.00909978720898863
10	5	0.17819694987861823
10	6	-0.006311743433574435
10	7	-0.011076500371867581
10	8	0.0027238255514241416
10	9	-0.001714728436507329
10	10	0.009332529672278156
10	11	0.09550552592152073
10	12	-0.020148406195769297
10	13	-0.0013030501351991575
10	14	-0.023289233469039772
10	15	-0.048354398623310146
10	16	0.189986733834548
10	17	0.20439060073491433
10	18	0.15863497097166857
10	19	0.2289123238889701
10	20	0.11170573253370719
10	21	0.0628644848315929
10	22	-0.04421910245554628
10	23	0.18122202228753892
10	24	0.16476302458903902
10	25	0.9260132441714184
10	26	0.09420783894048057
10	27	0.09850924276332762
10	28	0.19927887749883766
10	29	0.09627213671123869
10	30	-0.0017692883742448373
10	31	-0.08931154647011397
10	32	-0.03844880256850658
10	33	-0.012951958375428063
10	34	0.04003183854270986
10	35	-0.01744835206897477
11	1	-0.00706786135537385
11	2	-0.02224157193206011
11	3	-0.02312283918680791
11	4	-0.027144647751644158
11	5	0.17487260827180506
11	6	-0.016834169460626214
11	7	-0.0011958241763601052
11	8	0.008891148916259084
11	9	-0.02764272055047101
11	10	-0.05161006170913396
11	11	0.09818014187477075
11	12	-0.008276357143095936
11	13	-0.038965907163138525
11	14	0.010533189297419199
11	15	-0.017724241649066386
11	16	0.21578242225328736
11	17	0.17324336362327486
11	18	0.4331971937679384
11	19	0.449090264857972
11	20	0.4460122174334167
11	21	0.3757982734121903
11	22	-0.09475387277627334
11	23	0.12763767742848842
11	24	0.17328748821073603
11	25	1.2641074849271874
11	26	0.38049049421088554
11	27	0.3465903501887446
11	28	0.39007594108222676
11	29	0.4126976452206925
11	30	0.3931621982701756
11	31	0.17251778920714855
11	32	0.15040107800969693
11	33	0.21029657911992672
11	34	0.01591845987796603
11	35	0.1531891757042132
12	1	-0.011062849485981019
12	2	-0.0011419403214993906
12	3	-0.014295056021513375
12	4	-0.00916845497942731
12	5	0.17282016758530006
12	6	-0.015948164412986188
12	7	0.002959357325053702
12	8	-0.012942388856611586
12	9	0.00548940981079582
12	10	0.005281337990400203
12	11	0.10067626730824841
12	12	-0.008277002489318619
12	13	-0.012246508457657512
12	14	-0.009682262673386788
12	15	-0.047310434219568265
12	16	0.2293207718787862
12	17	0.16093574455883441
12	18	0.46283291205137544
12	19	0.3858510000172153
12	20	0.4445498260170666
12	21	0.42034620967425695
12	22	-0.08297086487506178
12	23	0.15267598610216027
12	24	0.1405742244245829
12	25	1.2270964918783775
12	26	0.39591924730573425
12	27	0.39194673932101054
12	28	0.3187722270262121
12	29	0.36895585702088596
12	30	0.28261094242089513
12	31	0.16771460634483049
12	32	0.23852861774670941
12	33	0.1185323290363911
12	34	0.026873304191511238
12	35	0.10857082295007814
13	1	-0.021448330763533363
13	2	-0.02442384946959919
13	3	-0.01431932211975706
13	4	-0.014563797100009879
13	5	0.16430416063754194
13	6	-0.0014511588234960016
13	7	-0.018360583896733118
13	8	1.6190697415652266E-5
13	9	0.01160054608812544
13	10	-0.004684224588615393
13	11	0.10023089336116797
13	12	-0.005763603273837958
13	13	-0.034087186026578564
13	14	-0.031171211881101613
13	15	0.00408079544768114
13	16	0.18286295518325701
13	17	0.16033483346903665
13	18	0.4325492116341607
13	19	0.4311604691355555
13	20	0.3684349539497589
13	21	0.4214285779904472
13	22	-0.04858727152224773
13	23	0.1552603255650311
13	24	0.16348056646411635
13	25	1.2593002612544204
13	26	0.406510934676934
13	27	0.3872747721903167
13	28	0.3953979877897602
13	29	0.26415410899967995
13	30	0.31887406213960645
13	31	0.18452343159403028
13	32	0.21846521819863796
13	33	0.18785195037674995
13	34	0.022426662461572988
13	35	0.15839495691142602
14	1	-0.008894444107450994
14	2	-0.029258549538059953
14	3	-0.007306744392362674
14	4	-0.0016389963771068494
14	5	0.15975594179951358
14	6	-0.03551101750060326
14	7	-0.026640326792676916
14	8	-0.007609875010238909
14	9	-0.013944768308910227
14	10	-0.03352421326538746
14	11	0.08194357056759927
14	12	-0.020059470692874726
14	13	-0.04594789759304163
14	14	-0.06029882151015187
14	15	-0.035473456722805
14	16	0.1535484311715507
14	17	0.148928852234949
14	18	0.3945237561896313
14	19	0.3809087690395714
14	20	0.31425650104892355
14	21	0.3523871246066861
14	22	-0.09891923793049529
14	23	0.06308728312932033
14	24	0.1383359296896387
14	25	1.1809530537382962
14	26	0.3475111407423803
14	27	0.3372560237659563
14	28	0.3152421538086685
14	29	0.311027748281564
14	30	0.3213092553601058
14	31	0.17148929230981835
14	32	0.1220460205818732
14	33	0.18599530612255677
14	34	-0.019996979584604446
14	35	0.16863995394824016
15	1	-0.022318816960201104
15	2	-0.015527438989028752
15	3	-0.0025523847228825502
15	4	-0.007045206298744944
15	5	0.16975249011428062
15	6	-0.013996339965647309
15	7	-0.016336443797900557
15	8	-0.008553631644453219
15	9	-0.010991583137730743
15	10	-0.023110485266613523
15	11	0.1029472673519578
15	12	-0.004156216232409804
15	13	-0.04021092138049198
15	14	-0.05186987781425856
15	15	-0.04373382714149798
15	16	0.2244165175077839
15	17	0.2235126025396461
15	18	0.45653993586621056
15	19	0.44541795271993223
15	20	0.46618452899044627
15	21	0.3813673073963848
15	22	-0.12226426754294195
15	23	0.2101699300402018
15	24	0.058962597676138984
15	25	1.2424888667355347
15	26	0.4124154903321653
15	27	0.38857925496569834
15	28	0.3597647703689013
15	29	0.32572511428866235
15	30	0.4208167214063785
15	31	0.2381497441272451
15	32	0.24718876964935887
15	33	0.23149177102750684
15	34	0.01596615905878096
15	35	0.16178008867478155
16	1	-0.011940546808801855
16	2	-0.009226653482858893
16	3	-0.0034518197042849863
16	4	0.016615367210771836
16	5	0.16638446952571684
16	6	-0.0100901899784418
16	7	-0.020988313153640803
16	8	-0.012180851802483517
16	9	0.003060334699171108
16	10	-0.026158292184909726
16	11	0.1049503685342188
16	12	-0.007780998897263913
16	13	-0.007306260567265355
16	14	-0.046819372763753364
16	15	-0.054218099456701196
16	16	0.14018723269706967
16	17	0.14548165175033034
16	18	0.4110988254134149
16	19	0.4251828632207477
16	20	0.4209571694154839
16	21	0.3604189344614639
16	22	-0.11941069236422308
16	23	0.1683115698896458
16	24	0.1760411719000139
16	25	1.1925292389157924
16	26	0.4221433720488754
16	27	0.42243248448101767
16	28	0.4081647288355512
16	29	0.24331976531545152
16	30	0.2948452508245225
16	31	0.1607537890991857
16	32	0.27025190782393693
16	33	0.2947691706099853
16	34	0.053622453712169005
16	35	0.1565594773092691
17	1	0.008490704911761071
17	2	-0.004809314474325532
17	3	-0.004909795690565488
17	4	0.0031473537427579856
17	5	0.17654159634951228
17	6	5.973986965699396E-4
17	7	-0.0023136207368104067
17	8	-0.005417198497951858
17	9	-0.016779573819981408
17	10	-0.03227395616221074
17	11	0.12560291072763974
17	12	-0.0066284884680243294
17	13	-0.022203132854073715
17	14	-0.0459776219220025
17	15	0.004139586416709307
17	16	0.2192392836044661
17	17	0.1217845126443855
17	18	0.4758845230607456
17	19	0.4264327838102915
17	20	0.38154364210887337
17	21	0.3305812494350988
17	22	-0.16647356426986093
17	23	0.15959918397600248
17	24	0.1619791682153675
17	25	1.1252468765076422
17	26	0.27183631828270194
17	27	0.3684069037258766
17	28	0.2947041270101707
17	29	0.39481056429052686
17	30	0.3324116909066852
17	31	0.23129833307140046
17	32	0.15713753559006705
17	33	0.15751984295185295
17	34	0.0651581460654711
17	35	0.20995824485897785
18	1	-0.011086615605798045
18	2	-0.009104368743621194
18	3	-0.013422277541529581
18	4	-0.016461407751627632
18	5	0.17463909199981487
18	6	-0.010168859107299255
18	7	-0.021782957761530497
18	8	0.0033429081498432822
18	9	-0.02335485782957747
18	10	-0.04929284850310012
18	11	0.10979547174915538
18	12	-0.026259583897676464
18	13	-0.08139608417737065
18	14	-0.06556947033919869
18	15	-0.06707205775990133
18	16	0.200665038664944
18	17	0.11159980449470908
18	18	0.3246657840650897
18	19	0.3948359031021269
18	20	0.3030459310119866
18	21	0.36075222763544446
18	22	-0.06330943109542275
18	23	0.09878648026015568
18	24	0.09904300597472115
18	25	1.183831390720698
18	26	0.37925821022288275
18	27	0.3323373814379096
18	28	0.3245444328679916
18	29	0.3089706261837186
18	30	0.23248229216224203
18	31	0.16020204475460886
18	32	0.14985363701302035
18	33	0.16986790714175015
18	34	-0.006850364248034424
18	35	0.1604874940744736
19	1	-0.01380002528929225
19	2	5.68775506131658E-4
19	3	-0.005601996890380434
19	4	0.010223188229762314
19	5	0.15542376262592583
19	6	5.917015673517767E-4
19	7	-0.0010225088281003991
19	8	-0.012487335855738024
19	9	-0.0019186122585139742
19	10	-0.05055889238284905
19	11	0.09942673840087579
19	12	-0.012457363797743426
19	13	-0.04412212537374316
19	14	-0.03850013982523137
19	15	-0.05634184948774035
19	16	0.18551441506572175
19	17	0.1724889626720163
19	18	0.28929713194713
19	19	0.42454204905153503
19	20	0.271982862285828
19	21	0.2963194264676936
19	22	-0.08196234947099867
19	23	0.06661420160861908
19	24	0.10038607997253379
19	25	1.1382840445786506
19	26	0.35729468081382265
19	27	0.327317783533541
19	28	0.34004900272729444
19	29	0.3806945023741264
19	30	0.2598957816733467
19	31	0.15031435339875898
19	32	0.22325272014856878
19	33	0.133263603171077
19	34	-0.012386903983806263
19	35	0.21885431213068074
20	1	-0.006122675995154481
20	2	-0.0015458789969606812
20	3	0.007506270829981787
20	4	-0.005188009070216992
20	5	0.14097093888830514
20	6	-0.009027811177396927
20	7	-0.019706422333591433
20	8	-0.029601669821726517
20	9	-7.212427671277055E-5
20	10	-0.019550246299196772
20	11	0.08265010160567599
20	12	-0.029790488620072608
20	13	-0.06469866477746677
20	14	-0.06799554319365697
20	15	-0.0939337286964097
20	16	0.09138383796295102
20	17	0.15182403273365708
20	18	0.4099623532828538
20	19	0.42258402063317035
20	20	0.35637777241564095
20	21	0.32367038804662585
20	22	-0.08546607903351955
20	23	0.14390872923082298
20	24	0.12467008426449055
20	25	1.169231820990099
20	26	0.4195565039382103
20	27	0.3227033443407237
20	28	0.3262999036308223
20	29	0.1933747235512051
20	30	0.34301072886890793
20	31	0.24470030791616182
20	32	0.22746786400497143
20	33	0.24305355099799897
20	34	0.022853965079697502
20	35	0.12995180850925792
21	1	0.0017118626518168867
21	2	0.001285424438282945
21	3	-0.010012367803444278
21	4	-0.00877600354142416
21	5	0.1488968788422511
21	6	-0.0178965325980478
21	7	-0.027853961139694405
21	8	-0.009507355509072113
21	9	-0.021851773479809822
21	10	-0.020347706263450505
21	11	0.07053909965008387
21	12	-0.014697436829067101
21	13	-0.08102300395916728
21	14	-0.09392704744874791
21	15	-0.08244938462243567
21	16	0.1893556824150231
21	17	0.12370086980129358
21	18	0.41258109936213216
21	19	0.33871280047175034
21	20	0.3554811847749413
21	21	0.3597995492719548
21	22	-0.16884840083713826
21	23	0.1272684308548726
21	24	0.16995844552454287
21	25	1.180063369038912
21	26	0.26385848728081385
21	27	0.3605867202184072
21	28	0.23576131978557413
21	29	0.35766216159229813
21	30	0.2427594410310654
21	31	0.2180747455350982
21	32	0.12428466553788553
21	33	0.21463596407140884
21	34	0.07420769076793832
21	35	0.1747869442237615
22	1	0.0024899213952522814
22	2	-0.003210517278045444
22	3	0.008526453594740246
22	4	-0.012099453956878392
22	5	0.16089244233557665
22	6	-0.021484002315649064
22	7	-0.016287214112921333
22	8	-0.009541248219484544
22	9	-0.006853266723865659
22	10	-0.04592196666556703
22	11	0.06585183603945666
22	12	0.002723416324133865
22	13	-0.04411777190707866
22	14	-0.06902253647635348
22	15	-0.024985522110917202
22	16	0.19632407279617325
22	17	0.1315308227051588
22	18	0.3778734903012868
22	19	0.43822523664048063
22	20	0.42799611230348233
22	21	0.4027256494096889
22	22	-0.07018573842228903
22	23	0.1836631993922211
22	24	0.1279597285355507
22	25	1.248367495697444
22	26	0.3939431306410839
22	27	0.30773202072395023
22	28	0.34122806661586935
22	29	0.295743372456041
22	30	0.36394823030486023
22	31	0.2660457019382676
22	32	0.27305033232047293
22	33	0.2826733698349386
22	34	0.025876440117098554
22	35	0.251124625648
23	1	-4.781764449646175E-5
23	2	-0.01739413418095026
23	3	-4.3725465475219494E-4
23	4	-0.0022977334533074156
23	5	0.15143007463220215
23	6	-0.01027073245469623
23	7	-0.016044058580646947
23	8	-0.010290625558170063
23	9	-0.01642842743317985
23	10	-0.03493931747858525
23	11	0.0994482190719097
23	12	-0.025163742768121722
23	13	-0.029941510168960406
23	14	-0.06883544594666446
23	15	-0.03698942038969122
23	16	0.12376860428709335
23	17	0.15142034854441278
23	18	0.4030776303101433
23	19	0.39253623753876354
23	20	0.36293725565328216
23	21	0.38697215027809406
23	22	-0.09262647050442041
23	23	0.09043080875481735
23	24	0.08203455612841637
23	25	1.2753823529645665
23	26	0.4204012951682081
23	27	0.34318776869614
23	28	0.3989026486000995
23	29	0.3599526764950163
23	30	0.2808069185694393
23	31	0.2008692455265475
23	32	0.17923234625326856
23	33	0.18384498335753463
23	34	0.06832110710880102
23	35	0.2845134065644537
24	1	-0.004071729802330282
24	2	0.0030825046665299283
24	3	-0.007595427995134685
24	4	-0.006826810532789551
24	5	0.1632880705863613
24	6	-0.028608083116687055
24	7	-0.019236441451010222
24	8	-0.007711763340630284
24	9	-0.00284743099061302
24	10	-0.05817269852554219
24	11	0.103068417735102
24	12	-0.021783081615303956
24	13	-0.01706255592750594
24	14	-0.013251884952616422
24	15	-0.03497250576505451
24	16	0.20554544244719253
24	17	0.14771468296446955
24	18	0.38459813467081716
24	19	0.45251928391526874
24	20	0.37249417256094475
24	21	0.4097247825335977
24	22	-0.1214280682524631
24	23	0.17473142115404272
24	24	0.2123238389410993
24	25	1.258201389562231
24	26	0.3898202699367843
24	27	0.4185544207228915
24	28	0.39541128843711704
24	29	0.3113079411901367
24	30	0.27414344908378396
24	31	0.24951877200007644
24	32	0.31790935436804446
24	33	0.22647893606414016
24	34	0.05523906171413273
24	35	0.3178384324158401
25	1	-0.004399112387705628
25	2	0.004917422538227356
25	3	0.012987317994888059
25	4	0.01031187149042978
25	5	0.1615688547748988
25	6	0.011054986331981098
25	7	-0.0019350449622663746
25	8	0.006694317429261076
25	9	-0.00817589847764566
25	10	-2.6391090522537297E-4
25	11	0.111730505368552
25	12	-0.011651783574112784
25	13	-0.012824913414657857
25	14	0.003768580200009808
25	15	-0.004091694474759322
25	16	0.21945787217798696
25	17	0.22042086416050566
25	18	0.4467995165279355
25	19	0.4793010997995566
25	20	0.4430230267884028
25	21	0.4757087301457332
25	22	-0.04430454991222277
25	23	0.19699516199473166
25	24	0.23539038622701725
25	25	1.2937018243542404
25	26	0.504645451127832
25	27	0.43402189695066085
25	28	0.5013844410698951
25	29	0.4545804493663894
25	30	0.4370762874359322
25	31	0.4036448483804804
25	32	0.36013996206261467
25	33	0.333071313985684
25	34	0.20752772619603022
25	35	0.3811310964853938
26	1	0.006334602828122371
26	2	-0.015935552702014633
26	3	0.004932101542639344
26	4	-0.0051881754623366305
26	5	0.1670930041472971
26	6	-0.00156529100235403
26	7	0.007588540976943392
26	8	0.010298411710412125
26	9	-0.02018610287868583
26	10	-0.0084023902616579
26	11	0.10250209581523251
26	12	-0.002542947063641776
26	13	-0.031939384256990166
26	14	-0.021263817208197366
26	15	-0.056814641856359316
26	16	0.21873886882868732
26	17	0.2258097895682134
26	18	0.459494292250227
26	19	0.38678192742030504
26	20	0.4448723397129335
26	21	0.4390492629031115
26	22	-0.009675633269033312
26	23	0.25846196638951113
26	24	0.21485136847887176
26	25	1.2839779066154833
26	26	0.44465484168093283
26	27	0.3923838714709582
26	28	0.4499761711227954
26	29	0.414515341531537
26	30	0.40466416736206057
26	31	0.3412292851038039
26	32	0.32162492152672684
26	33	0.31537106044075003
26	34	0.16346537292342234
26	35	0.28371318557044134
27	1	0.002550291545368566
27	2	-0.01120485214971012
27	3	-0.00417175627057631
27	4	-7.888564971771928E-4
27	5	0.17005633623483263
27	6	-0.001893765733466779
27	7	6.120865107668294E-4
27	8	0.004782860030665859
27	9	0.008476328083482088
27	10	8.040380428120386E-4
27	11	0.10400577091177965
27	12	0.004171890360051833
27	13	-0.02014377776224663
27	14	-0.016430961429783508
27	15	-0.014398629232299953
27	16	0.24710396994575134
27	17	0.2524602608941535
27	18	0.47217109138647473
27	19	0.4372233542713495
27	20	0.4451032271345525
27	21	0.4587340766566932
27	22	-0.0064913801233998925
27	23	0.210719347727494
27	24	0.22119163674015496
27	25	-1.7998246763337278
27	26	0.4847719464523301
27	27	0.43684132755667093
27	28	0.4345748173584134
27	29	0.4880434342187172
27	30	0.4600069687407391
27	31	0.3699560821637249
27	32	0.3540475783931356
27	33	0.3783900380579581
27	34	0.14025952599015667
27	35	0.3704384046228064
28	1	0.008060431953577307
28	2	-0.003638649826786633
28	3	-0.00277118470027915
28	4	-0.01608806262184359
28	5	0.18475638646222947
28	6	0.010733313936153621
28	7	3.210459728144599E-4
28	8	0.01694894029562022
28	9	-7.903353427067827E-4
28	10	0.012442211360973232
28	11	0.10450208320735399
28	12	-0.006194187993852296
28	13	-0.01390980617956572
28	14	0.038386755504575376
28	15	0.012392637931323947
28	16	0.24924494897695837
28	17	0.23311176711358428
28	18	0.4522946906591123
28	19	0.38650600405097535
28	20	0.4776676949713661
28	21	0.4428422163611394
28	22	0.023696343204672843
28	23	0.22007703532307232
28	24	0.20210531001615095
28	25	-12.047311374798616
28	26	0.3498345354356225
28	27	0.4583238831962859
28	28	0.4473563805396168
28	29	0.44231243037293666
28	30	0.4148898483449699
28	31	0.36935285489785485
28	32	0.4181742719059116
28	33	0.37667376924293805
28	34	0.20678843083770104
28	35	0.42762534649737205
29	1	0.0030940331736601934
29	2	0.01964258624239079
29	3	0.012705647553673316
29	4	0.018237544461744193
29	5	0.16854630178295338
29	6	0.021860428921726793
29	7	9.021400317088535E-4
29	8	0.014893356215608833
29	9	0.016293276685651392
29	10	0.009291841546982482
29	11	0.11843683443031239
29	12	0.012648676552132088
29	13	0.013579551851709226
29	14	0.0013641099383754351
29	15	-0.021679581459412844
29	16	0.2292328542730857
29	17	0.2658256272694821
29	18	0.4399704288566859
29	19	0.43627864046881015
29	20	0.48821761417024234
29	21	0.45177548435439974
29	22	-0.0569435041037778
29	23	0.20359715248250154
29	24	0.18716379856044796
29	25	-11.760773026677626
29	26	0.41904829543107525
29	27	0.38779734860056436
29	28	0.44569923760343144
29	29	0.4628965022087854
29	30	0.5155113586840052
29	31	0.3392331062634746
29	32	0.420727954572218
29	33	0.3960549726043574
29	34	0.20743837341363758
29	35	0.3523207248190303
30	1	0.001008797150323204
30	2	-0.001372935812128162
30	3	-0.00651549676162233
30	4	-0.00303428097263847
30	5	0.1695429524556964
30	6	-0.006002871538289156
30	7	-0.005157206407162107
30	8	-0.0068679970289693415
30	9	-0.004444662774069741
30	10	-1.115596815637332E-5
30	11	0.10542947495559929
30	12	-0.007881086548170657
30	13	-0.001884699427151304
30	14	-0.005642997912264747
30	15	-0.028029405062131474
30	16	0.24487195506131698
30	17	0.25883586039101303
30	18	0.4819120155696126
30	19	0.43951752754173157
30	20	0.4545807651252467
30	21	0.4748717325090901
30	22	0.021336333283212383
30	23	0.2304807409483267
30	24	0.20985169752190913
30	25	-4.815619705593498
30	26	0.465053132355429
30	27	0.42204761071602803
30	28	0.48366521059309875
30	29	0.4959227965853188
30	30	0.4927182705287265
30	31	0.3839851585220089
30	32	0.41936250652066676
30	33	0.39665367019783204
30	34	0.23491386282817217
30	35	0.37643515694157514
31	1	-0.002048517954801099
31	2	-6.67551103344266E-4
31	3	-0.009688075465156487
31	4	0.0029224234190223797
31	5	0.15662735951790907
31	6	-3.85823222600834E-4
31	7	0.004061742954338143
31	8	-0.008166181387522897
31	9	8.993041302431948E-4
31	10	0.008658066385109464
31	11	0.10218137872207578
31	12	-0.014081581226871975
31	13	0.004517873767881042
31	14	0.009645586517898153
31	15	-0.03570711421625816
31	16	0.23676235303113913
31	17	0.2306294797083943
31	18	0.4534468750209264
31	19	0.45670955982884465
31	20	0.4237622901071525
31	21	0.49459859191063416
31	22	0.002260466959867813
31	23	0.24985146261617786
31	24	0.2264898553849548
31	25	1.2950697467741534
31	26	0.4883503335604189
31	27	0.48380613187887533
31	28	0.46422309720996324
31	29	0.45626267904107465
31	30	0.5268514596471974
31	31	0.3378484191291804
31	32	0.4103140764331279
31	33	0.4251763561412254
31	34	0.19964963884974551
31	35	0.4189389976754505
32	1	0.0030751125147112646
32	2	6.98011921237196E-4
32	3	0.0011219714685815063
32	4	0.007239519913987635
32	5	0.17688823830181377
32	6	0.0017848055452738265
32	7	0.006140326577554589
32	8	0.014681461766642201
32	9	0.002609534441745609
32	10	7.51597897995282E-4
32	11	0.11204694271827975
32	12	0.0012255932635589772
32	13	-0.007512834720632355
32	14	0.0029284717132256333
32	15	0.030036632360118887
32	16	0.20922351669509354
32	17	0.2851227099747753
32	18	0.4973715176199711
32	19	0.506537269368657
32	20	0.5254125820368678
32	21	0.5020653683203911
32	22	0.005632152076948671
32	23	0.26486211916817126
32	24	0.23443801732135938
32	25	1.3694756043259275
32	26	0.5266804321068044
32	27	0.5317288329580059
32	28	0.4739972206273251
32	29	0.48099442995218666
32	30	0.49143120112190175
32	31	0.40154057162745005
32	32	0.4219695222863784
32	33	0.40455284582916917
32	34	0.26111979607787816
32	35	0.45347171040758383
33	1	0.002076998638262495
33	2	0.005120923449084103
33	3	0.008764252767683445
33	4	-0.013648254128195703
33	5	0.16434160735117942
33	6	-0.009879063889133732
33	7	0.001636122160750375
33	8	0.012369380615133707
33	9	-0.011543354026336772
33	10	0.009141580986074871
33	11	0.12101486576529652
33	12	-0.006486841977924485
33	13	-0.014248577136775964
33	14	5.674434599320932E-4
33	15	0.0038032350135424053
33	16	0.2548777745038677
33	17	0.289185212317701
33	18	0.47877654578329754
33	19	0.4728732307079433
33	20	0.512091151667601
33	21	0.5148063953098436
33	22	0.01943062925442618
33	23	0.2960549182676324
33	24	0.246349942527619
33	25	1.287262895430512
33	26	0.4937932278645789
33	27	0.5089523648394909
33	28	0.5096462409891025
33	29	0.4983765418750359
33	30	0.46773287806888675
33	31	0.37599821738967165
33	32	0.42904050415238615
33	33	0.4482318685151334
33	34	0.23924901000027532
33	35	0.40468569492659157
34	1	0.0023488389214101346
34	2	-0.003801764224352411
34	3	-0.003532385222243306
34	4	0.009378496337539843
34	5	0.1731053580647881
34	6	-0.014596021799881953
34	7	0.0069802559813076925
34	8	-8.331181562937218E-4
34	9	-0.008733747592337693
34	10	0.015549152266959965
34	11	0.1021304516491206
34	12	-0.021809155163840188
34	13	0.002613941205424908
34	14	0.014098244972046814
34	15	0.032471243536242866
34	16	0.23116773113897437
34	17	0.2703225626975865
34	18	0.4879623722598083
34	19	0.4662793009295356
34	20	0.510029073624608
34	21	0.5052062876965024
34	22	0.03172778544664112
34	23	0.2292968824615791
34	24	0.22450376483087098
34	25	1.3231913282399717
34	26	0.4881425989829218
34	27	0.5309486268736592
34	28	0.47326826769552355
34	29	0.47767200700045365
34	30	0.49809631492464135
34	31	0.36356617746045927
34	32	0.433574342329905
34	33	0.4664332920168164
34	34	0.2609216978896285
34	35	0.4474631641820821
35	1	0.01095261238290135
35	2	0.004246267016497995
35	3	0.009630931599836856
35	4	0.0011666191479413612
35	5	0.18686256535007573
35	6	0.01645301140789357
35	7	-0.004176071686835314
35	8	0.004496619502564414
35	9	0.008227998133207848
35	10	0.014602611101196317
35	11	0.12104466444926842
35	12	0.004237100731383947
35	13	0.004963468442625185
35	14	0.008177306376385474
35	15	0.014586775090801751
35	16	0.27003001069032706
35	17	0.2707546942845376
35	18	0.4874924582058817
35	19	0.5113858646993705
35	20	0.48991156670972913
35	21	0.5054612763161472
35	22	0.02321678988810305
35	23	0.27477262138421565
35	24	0.306638695401503
35	25	1.3001129539773544
35	26	0.48236676571600157
35	27	0.4541187548675758
35	28	0.5185567940639828
35	29	0.5508995273362878
35	30	0.585428486325192
35	31	0.39078455048030136
35	32	0.4381110785065552
35	33	0.42320971947542674
35	34	0.2473825789216768
35	35	0.44719907420507354
36	1	0.016209923788331082
36	2	0.006687273815760619
36	3	-0.0016714070478940357
36	4	0.009508527910117692
36	5	0.17436548859472722
36	6	-0.009609372409926209
36	7	0.005046277625861961
36	8	0.004869143585853664
36	9	-0.01989435220230007
36	10	0.008621856235780712
36	11	0.09777325333991627
36	12	-0.007963512642920278
36	13	0.010232633182564399
36	14	-0.0025103491146580836
36	15	0.01930945126948913
36	16	0.23577586757069824
36	17	0.21933035687076696
36	18	0.48898437479515877
36	19	0.4907096187470543
36	20	0.46145008532288756
36	21	0.5124499763394965
36	22	0.055754496493673145
36	23	0.26166105649962645
36	24	0.2643239597694347
36	25	1.293531319564181
36	26	0.46606723893058444
36	27	0.49962628474708026
36	28	0.466582609283023
36	29	0.43241277212658247
36	30	0.48336817742599436
36	31	0.41998180539538055
36	32	0.4531622563076141
36	33	0.450697190479179
36	34	0.3079585573656871
36	35	0.45992671673589314
37	1	0.006148949699024797
37	2	0.01251609325451497
37	3	0.016065384511698255
37	4	0.0012258014916675108
37	5	0.18115601158905292
37	6	0.020726457072083093
37	7	0.0027574783776280754
37	8	-0.010193508297227538
37	9	-0.0034063771034666956
37	10	-0.0014417004447935255
37	11	0.11592512965481205
37	12	0.005900015397607206
37	13	0.016213202122077774
37	14	0.014078703263141534
37	15	0.0042131366450419705
37	16	0.25966643979455384
37	17	0.3155855817200681
37	18	0.4618976232390146
37	19	0.4692523818276122
37	20	0.5171442894181304
37	21	0.5201277530169541
37	22	0.06818041174620859
37	23	0.2780368224605745
37	24	0.26219795282600344
37	25	1.2983035029545213
37	26	0.5242161514993633
37	27	0.47499673520086816
37	28	0.5229546100040139
37	29	0.5454570665947109
37	30	0.6113718201264504
37	31	0.3822663549451555
37	32	0.41133906086209393
37	33	0.4258799132641897
37	34	0.3038690686190151
37	35	0.4578657198485381
38	1	0.00991346458465614
38	2	0.012632621991457427
38	3	-0.0016450349382814977
38	4	0.0044919141555404
38	5	0.17406302994970346
38	6	-0.01351581702507687
38	7	0.016976386004664334
38	8	-3.8816906515037886E-4
38	9	-0.01639021153378195
38	10	0.02115177835059967
38	11	0.12052462743249492
38	12	0.0020567648789047155
38	13	0.03648949690067482
38	14	0.0017528721479251885
38	15	0.010610049972584079
38	16	0.2797344646625959
38	17	0.25629144179912444
38	18	0.5028824091129849
38	19	0.5262474865784057
38	20	0.43502936829288075
38	21	0.5050120521936883
38	22	0.04760893198124094
38	23	0.26022108985304016
38	24	0.2891787850156504
38	25	1.3677913357049007
38	26	0.3852103058940699
38	27	0.5290151118937061
38	28	0.5082198536983853
38	29	0.5246890309687728
38	30	0.5380864828266247
38	31	0.4233059951983087
38	32	0.45747685034979213
38	33	0.5035212229937187
38	34	0.32566719290285917
38	35	0.4895049599298211
39	1	-0.009658932502162543
39	2	0.01720192224019712
39	3	0.006095358431732478
39	4	0.009476361891753271
39	5	0.1836185798769705
39	6	0.01889011332724877
39	7	0.0032277663675586155
39	8	7.905514777242217E-4
39	9	0.004155009159603651
39	10	0.014266156338635483
39	11	-1.8417076126991425
39	12	0.008194255480024282
39	13	0.05120643528856306
39	14	-0.0032867600716457446
39	15	-0.0011035761450060022
39	16	0.20879910343673203
39	17	0.28568452460307725
39	18	0.48413369987930466
39	19	0.5054668371163515
39	20	0.5540311653299064
39	21	0.5128943985748542
39	22	0.0661319229131685
39	23	0.30207633061705863
39	24	0.30129589604963414
39	25	1.3386734245084249
39	26	0.537906647280451
39	27	0.4591030036322117
39	28	0.5060756925070393
39	29	0.5063056905661512
39	30	0.5334807683269638
39	31	0.5086036125
39	32	0.46679061465633964
39	33	0.4558350971186407
39	34	0.3061443742566432
39	35	0.45044718455374166
40	1	0.005243682516905324
40	2	0.02094188312969436
40	3	0.011271506357097394
40	4	0.020406416694584095
40	5	0.19681962134966824
40	6	0.03467456810510683
40	7	0.018267274653016585
40	8	-0.0016164071657698287
40	9	-0.008915696483455804
40	10	0.012046491095237144
40	11	-1.838137332259791
40	12	0.01165121690907256
40	13	0.05223465220987222
40	14	0.05896000635332399
40	15	0.046807549668251625
40	16	0.22255725606481036
40	17	0.27822931514770843
40	18	0.49953207879422834
40	19	0.5053529219754331
40	20	0.5404348892603039
40	21	0.5094193906463147
40	22	0.06867452836813115
40	23	0.2833418422065961
40	24	0.28646427476729386
40	25	1.3706507919219284
40	26	0.5602423607284841
40	27	0.5237780810153865
40	28	0.5125624606835473
40	29	0.5586860075905804
40	30	0.5019487104819191
40	31	0.4825547098463936
40	32	0.4135176191346872
40	33	0.46058327745703664
40	34	0.33348991518881377
40	35	0.4904697139554486
41	1	0.019105959953929386
41	2	0.0018742502616717616
41	3	0.012103884282943511
41	4	0.003783233861476276
41	5	0.1593054187957499
41	6	-0.014142288635596856
41	7	0.006719578044219077
41	8	0.003427771303357474
41	9	0.009128006420365153
41	10	0.007983767898295469
41	11	0.1197894056773059
41	12	0.006610441456810889
41	13	0.05081932489082064
41	14	-0.0031410939000053872
41	15	0.0072154902224355055
41	16	0.2509781186050617
41	17	0.28156787635520075
41	18	0.5056577612314506
41	19	0.5123308206664632
41	20	0.5146170825485363
41	21	0.4938684102018662
41	22	0.06528759390605288
41	23	0.28839524663256455
41	24	0.26653908164860596
41	25	1.345361309880758
41	26	0.5271448203332874
41	27	0.5409482925080944
41	28	0.5551691141310506
41	29	0.5014148469889044
41	30	0.5105688546982421
41	31	0.4447236738183271
41	32	0.4529701800964574
41	33	0.505372978828948
41	34	0.27669966388937794
41	35	0.4783956588635796
42	1	0.023483354532562117
42	2	0.015098793747196027
42	3	0.010425134983012896
42	4	0.009368003389703006
42	5	0.18243196047360755
42	6	8.854633936650202E-4
42	7	0.0036890886191507377
42	8	0.0012010664204460397
42	9	0.002285837675707114
42	10	0.005040826836502532
42	11	0.11588055522175011
42	12	-0.002200504126360414
42	13	0.04896264863707245
42	14	0.045767544524359494
42	15	-0.00401784687352702
42	16	0.27976464310060933
42	17	0.2425781231458295
42	18	0.4966168832685369
42	19	0.46484208367377633
42	20	0.5403313953521405
42	21	0.507127718312244
42	22	0.02512256524127565
42	23	0.2630035325662732
42	24	0.26673729189779394
42	25	1.3491830836775804
42	26	0.5170374183974786
42	27	0.5741087445538788
42	28	0.5210410309699149
42	29	0.5220839966768409
42	30	0.5700497598860537
42	31	0.456518362906305
42	32	0.474394623099478
42	33	0.4831608599939301
42	34	0.2922259604506827
42	35	0.5127586980578407
43	1	0.011733896145670997
43	2	0.014851108112576838
43	3	0.018141920615970974
43	4	7.310215619718008E-4
43	5	0.17669909739923284
43	6	0.005577521806600316
43	7	0.027785516517930375
43	8	6.862890473620098E-4
43	9	0.021349756600567815
43	10	0.021219751863974068
43	11	0.11873522122254698
43	12	0.003875715737109431
43	13	0.03865814811784318
43	14	0.052429463101784535
43	15	0.03163158776666819
43	16	0.2635006405888767
43	17	0.30396567644582007
43	18	0.5229517161843269
43	19	0.47595793745750115
43	20	0.5028728805865796
43	21	0.5205176018446842
43	22	0.054017691374856014
43	23	0.3041336915547639
43	24	0.29885959685168473
43	25	1.3326376926600574
43	26	0.5788352186077965
43	27	0.5419377837164276
43	28	0.5570492910327083
43	29	0.5668749249701648
43	30	0.5671297975020231
43	31	0.4492903860920059
43	32	0.4573501577156094
43	33	0.43953396980894865
43	34	0.3327977486444027
43	35	0.5334076362955216
44	1	0.012984663448033729
44	2	0.016355723184705795
44	3	0.006988606922234908
44	4	0.003706525169413055
44	5	0.1979647431656808
44	6	0.023411054905412954
44	7	0.026471364139354137
44	8	-8.275499724241797E-4
44	9	0.010149424424927389
44	10	0.0075421038589951195
44	11	0.12635469866178894
44	12	0.019050292191170826
44	13	0.0313331274692068
44	14	0.03453382208874345
44	15	0.008475269241902339
44	16	0.25437560203159393
44	17	0.25671711617396653
44	18	0.5077960606485377
44	19	0.45584961330830254
44	20	0.5025539921602551
44	21	0.563181008689412
44	22	0.04470836307360315
44	23	0.2750179933087864
44	24	0.32722486782785154
44	25	1.3864653400288205
44	26	0.5079269724317008
44	27	0.5414646898061868
44	28	0.5326654542839044
44	29	0.5568922248387622
44	30	0.5676961715393425
44	31	0.46309191880937206
44	32	0.45930218155142555
44	33	0.5036330505219446
44	34	0.3035109106926548
44	35	0.47924028749033454
45	1	0.012366306994703535
45	2	0.0052875058573675915
45	3	0.018411376837327964
45	4	0.00807766478599703
45	5	0.18800179380286508
45	6	0.022277621885582022
45	7	0.008451140475141727
45	8	0.005380884473098035
45	9	0.020302241376626284
45	10	0.017750842034931935
45	11	0.11722356849000093
45	12	0.0012415349370762385
45	13	-0.022925540735450056
45	14	0.0035254190649389727
45	15	0.026191978958291173
45	16	0.27580346065783345
45	17	0.2946841158208571
45	18	0.5360322621826654
45	19	0.5023865586091425
45	20	0.567404885852369
45	21	0.5369058502417339
45	22	0.03561040080212763
45	23	0.2705452574551295
45	24	0.30152087553588913
45	25	1.354651214385303
45	26	0.5860178232792634
45	27	0.49765015806634594
45	28	0.526693356160699
45	29	0.5489832079249837
45	30	0.6052651804346176
45	31	0.48822212326241754
45	32	0.4895260759425213
45	33	0.47392618092064254
45	34	0.28719588750747604
45	35	0.48782911407375806
46	1	0.019191879995570815
46	2	0.02346419439167846
46	3	0.00254801301602825
46	4	0.00824208961920192
46	5	0.20034369634903726
46	6	0.01721690401755538
46	7	0.0067261680764652
46	8	0.026333799789970413
46	9	0.023012879855052404
46	10	0.03288150882026386
46	11	0.1173540892152225
46	12	0.02589067913331533
46	13	0.05482134663283489
46	14	0.03463087410978005
46	15	0.05269961820465596
46	16	0.2643610512502903
46	17	0.2708696080209698
46	18	0.5097024933718508
46	19	0.5074525992203114
46	20	0.5067785387379757
46	21	0.5028637293319171
46	22	0.057965568835072645
46	23	0.3232906905288999
46	24	0.307854889423556
46	25	1.3318643996323551
46	26	0.5043840721030257
46	27	0.5561087865029002
46	28	0.5355301440552367
46	29	0.5513910554747596
46	30	0.5356224848299895
46	31	0.506258124884365
46	32	0.45997708180727415
46	33	0.5300272629914389
46	34	0.3235670995495674
46	35	0.5242600366988839
47	1	0.013778599853388585
47	2	-0.002462279951654267
47	3	0.012920257026848958
47	4	0.01860859949186633
47	5	0.1812131906122616
47	6	0.009402948282261292
47	7	0.01322330181930198
47	8	2.492560629541174E-4
47	9	-0.008688125334291641
47	10	0.003682008715323093
47	11	0.13067834874008355
47	12	0.005604465462887731
47	13	0.028438171020439995
47	14	-0.004196649915748196
47	15	0.07057820427376527
47	16	0.2557341165114799
47	17	0.2847774302785204
47	18	0.4707546539342147
47	19	0.499123078496833
47	20	0.5344790945332711
47	21	0.5344435057066157
47	22	-0.011104865461447844
47	23	0.26371010264678674
47	24	0.2968257567540711
47	25	-4.516987067718375
47	26	0.47763193260981396
47	27	0.4960778911694952
47	28	0.5383732616888999
47	29	0.5044190254843031
47	30	0.5425695200674348
47	31	0.45688826099758373
47	32	0.4844660635339473
47	33	0.458144817492137
47	34	0.34238476491703906
47	35	0.4618308507678819
48	1	0.008448306919380144
48	2	0.022427826583953703
48	3	0.008869982384158703
48	4	0.005033441236989233
48	5	-1.1563624091571967
48	6	0.011240722401865355
48	7	0.015941830815631164
48	8	0.0075473869643474245
48	9	0.011353204999277722
48	10	0.029800330377700135
48	11	0.12306335936048995
48	12	0.025698609754460477
48	13	0.015610823033160415
48	14	0.016300927313420033
48	15	0.04073177311254028
48	16	0.2767751721113889
48	17	0.2828535112867421
48	18	0.5271808592397065
48	19	0.5249794277655937
48	20	0.5134343242674184
48	21	0.5622086878748469
48	22	0.047184535419035
48	23	0.2943055822975964
48	24	0.2668687195190671
48	25	-11.960120586053865
48	26	0.4613598763385376
48	27	0.5483563560734339
48	28	0.5015722935913622
48	29	0.5609652372427014
48	30	0.5349771977310631
48	31	0.4712835012520671
48	32	0.4717200338800964
48	33	0.46599782346046936
48	34	0.3177529666487722
48	35	0.5030951542533586
49	1	0.015947378089013142
49	2	0.020068459288879126
49	3	0.0055077546181223624
49	4	0.008084752614838209
49	5	0.1803871191426758
49	6	0.016684308925523084
49	7	0.011412328927448812
49	8	0.008187834028802854
49	9	0.012842724853637577
49	10	0.01107154306716751
49	11	0.1183206095754592
49	12	0.022401268231508453
49	13	0.03449400091667343
49	14	0.05036396920963426
49	15	0.04254389038607087
49	16	0.23134666290987482
49	17	0.2601808311080944
49	18	0.4901756545239877
49	19	0.5053702926467132
49	20	0.5372567695819797
49	21	0.5367786563712293
49	22	0.06597315975280793
49	23	0.3107062019700102
49	24	0.2603414850069221
49	25	-2.2705074090470596
49	26	0.5342579250537121
49	27	0.5441973815122054
49	28	0.5242484906395504
49	29	0.5605373849421795
49	30	0.5600537587250081
49	31	0.44159644988843993
49	32	0.48831277511159854
49	33	0.44674730855308553
49	34	0.33327311291035144
49	35	0.4888050331147866
50	1	0.023062892226729304
50	2	0.023038542927338312
50	3	0.007175625449974632
50	4	0.013809884562771657
50	5	0.1801319177613543
50	6	0.010503635164486269
50	7	0.01109761321248115
50	8	0.0016255827705506931
50	9	0.024744856838307072
50	10	0.023559266705134974
50	11	0.13340247239859337
50	12	0.009192759886033741
50	13	0.05433358162227364
50	14	0.05571781008838883
50	15	0.05953364069527822
50	16	0.24379079168615903
50	17	0.28029569622118444
50	18	0.5619820247619245
50	19	0.5183476012762895
50	20	0.506355849926333
50	21	0.4851909951865778
50	22	0.069252815892213
50	23	0.2981743936404513
50	24	0.3073311128586518
50	25	1.3683245915407376
50	26	0.5216832566073286
50	27	0.5690528204610317
50	28	0.5490427008500554
50	29	0.5221839481730974
50	30	0.5181857923763253
50	31	0.5123864230702537
50	32	0.4697340165854982
50	33	0.4822807945500749
50	34	0.3240701886258073
50	35	0.5050357919837722
51	1	0.0062698220470949195
51	2	0.01443444912565539
51	3	0.014958433542446414
51	4	-0.001150647285740547
51	5	0.17831382064236578
51	6	0.014927476159140696
51	7	0.015575124518427685
51	8	0.01607804874850416
51	9	0.012017662123447792
51	10	-0.0072083119154982
51	11	0.10643050526767439
51	12	0.0077272097776024395
51	13	-0.001634230901860434
51	14	0.05785653153849424
51	15	0.021543568109184008
51	16	0.26772985908787916
51	17	0.2808489491103465
51	18	0.4586771202663904
51	19	0.5212075987509159
51	20	0.5260090156533401
51	21	0.5038850094389993
51	22	0.0859925835333577
51	23	0.27421811447146993
51	24	0.2767195189435725
51	25	1.3832390537159185
51	26	0.5075337618658686
51	27	0.5448567779415932
51	28	0.5455821794217748
51	29	0.5266011202208922
51	30	0.5283940375974225
51	31	0.4948885530877476
51	32	0.49868210055048223
51	33	0.48179803144847355
51	34	0.31776425804415
51	35	0.5327223171559794
52	1	0.015583914410715494
52	2	0.024549566801674416
52	3	0.005025345532626346
52	4	0.014081753815254672
52	5	-1.054074310305058
52	6	0.019306688900037727
52	7	0.01653146618207657
52	8	0.011612186095248944
52	9	0.006908659576676968
52	10	0.030127623808525072
52	11	0.1301852519942699
52	12	0.005779357660319562
52	13	0.05544179698833673
52	14	0.0472387994744885
52	15	0.03617246279701547
52	16	0.28658496980895976
52	17	0.27146953259000384
52	18	0.5229665164072905
52	19	0.5376842766301912
52	20	0.5435978503955923
52	21	0.5663738383596986
52	22	0.11082908233215605
52	23	0.2812916057191579
52	24	0.3193854968008054
52	25	1.3974228262575537
52	26	0.578587388384193
52	27	0.5466974276054195
52	28	0.5160766870295319
52	29	0.543879397087867
52	30	0.5726899766298068
52	31	0.48360435998225526
52	32	0.4782933063346455
52	33	0.5146419648795906
52	34	0.3651009505207199
52	35	0.5031359365467623
53	1	0.015007371706840189
53	2	0.028511434330784624
53	3	0.02345740029677046
53	4	0.018818943785060327
53	5	-13.062177272994834
53	6	0.008966109963832736
53	7	0.0214329345696207
53	8	-0.015346134437567827
53	9	0.008064596333110075
53	10	0.01570134734322437
53	11	0.12365134575166437
53	12	0.015611133790667253
53	13	0.029375133922513896
53	14	0.05996933814395078
53	15	0.05304043060740682
53	16	0.2914645235451907
53	17	0.30584030062847134
53	18	0.5232013860717366
53	19	0.5405805544225935
53	20	0.5006770689272741
53	21	0.5217444065593533
53	22	0.08533835096692144
53	23	0.29184106631323203
53	24	0.3255658358066107
53	25	-12.051961579781668
53	26	0.48561085490239364
53	27	0.5644128569782048
53	28	0.565679196802936
53	29	0.5382478612365951
53	30	0.5820681846516607
53	31	0.5364009098177611
53	32	0.49527353581607514
53	33	0.5159634835274538
53	34	0.3463639236480631
53	35	0.5145776656111245
54	1	0.00682198100586362
54	2	0.008835600856990311
54	3	0.012137115059253745
54	4	0.01443973317292091
54	5	0.17151486518356407
54	6	0.010220083417927128
54	7	0.005835838210998645
54	8	-0.006059567995720272
54	9	0.0099397699068966
54	10	0.012346561727056837
54	11	0.11107165234098204
54	12	0.008964785153594335
54	13	0.04909757304476514
54	14	0.05376668153597208
54	15	0.021358286134510962
54	16	0.2539007227779244
54	17	0.2769456978558047
54	18	0.509046093314172
54	19	0.5141842411796169
54	20	0.5394060109059389
54	21	0.5471286108963476
54	22	0.059477533496806956
54	23	0.31089288456105635
54	24	0.3067526760136339
54	25	1.3787975773583057
54	26	0.5132214564206201
54	27	0.5250374962194044
54	28	0.5317193576565451
54	29	0.5255645562752349
54	30	0.5319915101492221
54	31	0.4829279659801884
54	32	0.48148166545985305
54	33	0.4843442879589297
54	34	0.3372443868456507
54	35	0.5266360951751494
55	1	0.010095246433458271
55	2	0.021347246157894517
55	3	0.011843878750667614
55	4	0.0047175478106389335
55	5	0.1753195546571611
55	6	-0.003391583783717067
55	7	0.006287146289910339
55	8	-4.2559954731302696E-4
55	9	0.0026625576937746587
55	10	0.0011644379327648835
55	11	0.12658521325620242
55	12	0.018808248286507734
55	13	0.01661984184159948
55	14	0.016094420931143105
55	15	0.018318674474052443
55	16	0.2741049014653498
55	17	0.2544016344299749
55	18	0.5321666593701551
55	19	0.4684385936842723
55	20	0.5038409782710858
55	21	0.501698228633277
55	22	0.054349897960413784
55	23	0.3024237366621385
55	24	0.2925072024945585
55	25	1.349444748680714
55	26	0.5545279909352665
55	27	0.5607303820687015
55	28	0.5584464003490268
55	29	0.5447187054253853
55	30	0.5543601730177699
55	31	0.4687175061059925
55	32	0.46370411039786674
55	33	0.49086855250978445
55	34	0.287898482086657
55	35	0.51430068126378
56	1	0.014902294158673612
56	2	0.009122698129665707
56	3	0.011497767529746739
56	4	0.01840876342647846
56	5	0.18779512320728742
56	6	-0.006469731212526142
56	7	0.004608487944924633
56	8	0.02464574922768037
56	9	0.0068828343045765905
56	10	0.035074538145114076
56	11	0.11496115589597622
56	12	0.009598453887736724
56	13	0.03532489197142752
56	14	0.08070471890376396
56	15	0.039193921437842505
56	16	0.25417469519990377
56	17	0.31536390310292717
56	18	0.5461112136393638
56	19	0.5578546487978926
56	20	0.5420169607827248
56	21	0.5518718188332379
56	22	0.10036007673376446
56	23	0.33180524877834827
56	24	0.32389328331673184
56	25	1.3813620600796668
56	26	0.5472243629270537
56	27	0.5606242211091974
56	28	0.5722209267713261
56	29	0.5714250938267043
56	30	0.5830745836678517
56	31	0.4882376396455008
56	32	0.46550709628366604
56	33	0.5038473448238427
56	34	0.31827560801427524
56	35	0.5092343339757051
57	1	0.015362227088758118
57	2	0.018959949006713828
57	3	0.014629869495319525
57	4	-0.004803981807906865
57	5	0.16399050911683943
57	6	0.005669260392981101
57	7	0.0029193768529616193
57	8	-0.007586692015696173
57	9	0.010094177136579674
57	10	0.006530727743200515
57	11	0.10254194040808073
57	12	-1.2976790196717047E-4
57	13	-0.004494821411302752
57	14	0.02956634466321617
57	15	0.04887285386906015
57	16	0.25890449084337774
57	17	0.2735459062868344
57	18	0.5064816130212613
57	19	0.483351299150943
57	20	0.5088976143339572
57	21	0.5171920548044682
57	22	0.0827341041670131
57	23	0.31330401103928196
57	24	0.3183137885856091
57	25	1.336871824247929
57	26	0.5398524430629195
57	27	0.5536420207491908
57	28	0.49733303615199276
57	29	0.5467104344250338
57	30	0.5169226894938994
57	31	0.45451361797162093
57	32	0.46026539577886894
57	33	0.46548944697742556
57	34	0.29461228386436034
57	35	0.47740474517958376
58	1	0.00834582104080539
58	2	0.01575275756018968
58	3	0.015388275183351396
58	4	0.019556329084906565
58	5	0.18427382425398875
58	6	0.016663074735980388
58	7	0.009341441614061807
58	8	-0.0013964212792139108
58	9	0.00317881187563529
58	10	0.024397045753019597
58	11	0.11815940884685006
58	12	0.01513825628073917
58	13	0.021369197851409893
58	14	0.046292378174939586
58	15	0.03274969705313424
58	16	0.23644513086663466
58	17	0.29520835896058983
58	18	0.5486314693807088
58	19	0.5353490796677924
58	20	0.5660553033152382
58	21	0.525080479754152
58	22	0.07190859886100043
58	23	0.29523512701332066
58	24	0.34392248377741197
58	25	1.368154582484248
58	26	0.5636288627776764
58	27	0.5536843979011827
58	28	0.5661716860339254
58	29	0.5818474142434766
58	30	0.5575905220359125
58	31	0.47889895837445806
58	32	0.4775152957819415
58	33	0.46707281147461543
58	34	0.309928890672051
58	35	0.5152237350388518
59	1	-0.004508755592624425
59	2	0.013499881784287737
59	3	0.008290127209495068
59	4	-0.003291409170333992
59	5	0.16869991536683315
59	6	0.018202140138960488
59	7	0.021026767343087727
59	8	0.014387593834481294
59	9	0.012145906945569607
59	10	0.003979333460758738
59	11	0.12000889443772778
59	12	0.02016214745860978
59	13	0.02813179550978262
59	14	0.02304785930247988
59	15	0.06584752092867063
59	16	0.3092497038246407
59	17	0.29408363083930666
59	18	0.5032759725141389
59	19	0.515904855733524
59	20	0.5511523573597223
59	21	0.47794673374969676
59	22	0.08823223469612174
59	23	0.32019964820739233
59	24	0.338878786846017
59	25	1.3732834923505592
59	26	0.5613306609725619
59	27	0.5442902513114802
59	28	0.5423885791850047
59	29	0.5936665837205304
59	30	0.5915679462767827
59	31	0.4881106763027958
59	32	0.46098371100977076
59	33	0.4999346645995999
59	34	0.32038100415823934
59	35	0.4979575013952662
60	1	0.006031675518475055
60	2	0.009235388586212423
60	3	0.0066292265219409785
60	4	0.0019386339531628494
60	5	0.18370145578437658
60	6	-0.0022556794220918164
60	7	0.006198962164425836
60	8	0.012424916107040218
60	9	0.013518394842385817
60	10	0.011229495539275547
60	11	0.11226810276966148
60	12	0.006462517131499368
60	13	0.007186693113222731
60	14	0.03589593424499782
60	15	9.127061353062516E-4
60	16	0.2875055468246259
60	17	0.29484723717033035
60	18	0.5135832008927181
60	19	0.5515967809676745
60	20	0.5125217771709956
60	21	0.5159524499145363
60	22	0.07317149998935335
60	23	0.28112504254836423
60	24	0.2808178861220334
60	25	1.3456766874114976
60	26	0.549938378505427
60	27	0.572905453734549
60	28	0.5204293420117914
60	29	0.5684388427995444
60	30	0.6151561192213677
60	31	0.43754762022367544
60	32	0.47768904520752287
60	33	0.47144372464983775
60	34	0.34637699588524384
60	35	0.5005110974984213
61	1	0.009505461345050037
61	2	0.005562465105224845
61	3	0.0034269348434747826
61	4	5.881292104419344E-4
61	5	0.17467212938288412
61	6	-8.711985866760585E-4
61	7	-0.0013313264436050076
61	8	0.00354335874362377
61	9	-0.0034323497104260525
61	10	0.0069287334141705514
61	11	0.11977771809377913
61	12	0.00855083340038476
61	13	0.05273924055616064
61	14	0.01979746829254836
61	15	0.00874329666316953
61	16	0.2610453613223527
61	17	0.27324203756977283
61	18	0.4554740153931398
61	19	0.4957186922217609
61	20	0.5178573270398985
61	21	0.5396770655936969
61	22	0.06516091706566485
61	23	0.2315769335695954
61	24	0.28575277876027627
61	25	1.3574977610380472
61	26	0.5362399459897667
61	27	0.4898694112123003
61	28	0.56121552902232
61	29	0.562221847023185
61	30	0.5986636474426454
61	31	0.5032290251440976
61	32	0.49891354179058567
61	33	0.4598157215182823
61	34	0.3196595628239898
61	35	0.48002890663367737
62	1	-0.009644141712911392
62	2	0.0072200503873958155
62	3	-0.002426965286630889
62	4	0.0016050066176909183
62	5	0.1615969311248584
62	6	0.009577673588548663
62	7	0.006744996197660669
62	8	-0.0032306074908028393
62	9	0.0031136234393471796
62	10	0.020060969179063193
62	11	0.12110025286390069
62	12	-0.003920269501868745
62	13	0.0627833796048165
62	14	0.01851069406623651
62	15	0.04748853428917954
62	16	0.30084982849809805
62	17	0.25722247980326784
62	18	0.504503693954053
62	19	0.5018057197089512
62	20	0.5422259068171869
62	21	0.529458742429135
62	22	0.06281072067413973
62	23	0.3062284476306658
62	24	0.2686022461523798
62	25	1.3763629612757953
62	26	0.5009356798129403
62	27	0.5213606617618787
62	28	0.5531707070481708
62	29	0.5482061352527197
62	30	0.6174375069559481
62	31	0.46885314304133985
62	32	0.45071359752770945
62	33	0.4760387444478553
62	34	0.30126835233966887
62	35	0.48160261718581765
63	1	0.012755364878174191
63	2	-0.004978086572922535
63	3	-0.004511071607630868
63	4	0.0031929222093793896
63	5	0.18437388751513595
63	6	0.010491662976797045
63	7	0.006620541267526647
63	8	0.0012678643274632861
63	9	-0.005541883634922584
63	10	0.008705597098046525
63	11	-6.360464741568082
63	12	0.013213836198861628
63	13	0.005278660855790207
63	14	0.042403684880355286
63	15	0.022783629183557252
63	16	0.28609602984717597
63	17	0.3180955764993101
63	18	0.5356891271635966
63	19	0.5004948328723415
63	20	0.5305561143669593
63	21	0.5294084943149748
63	22	0.0591278972965128
63	23	0.3000717880450985
63	24	0.302500927158178
63	25	1.3643182502281377
63	26	0.538627454372083
63	27	0.5423286609809672
63	28	0.5726240952810144
63	29	0.5225419297411911
63	30	0.5800341139677059
63	31	0.4687680595762167
63	32	0.44322311992126373
63	33	0.45696816915456395
63	34	0.3026023457903726
63	35	0.4834563841465922
64	1	-0.002069198381004611
64	2	0.01675735672954204
64	3	0.012876911900676191
64	4	0.012337433123864372
64	5	0.18654999266769678
64	6	0.00485414255052774
64	7	0.012908881695079089
64	8	0.0016453814951766788
64	9	-0.0027334409377779423
64	10	0.025878026171618274
64	11	0.11492646115366156
64	12	0.016271235360918013
64	13	0.03516412529431889
64	14	0.024062704337779905
64	15	0.040446993873974435
64	16	0.25318597446289814
64	17	0.3094356177025688
64	18	0.5252240484294433
64	19	0.5369005220545731
64	20	0.5395397017227346
64	21	0.5281711346638112
64	22	0.08053013679129606
64	23	0.3398624389653051
64	24	0.35307605444774737
64	25	1.3819778293551366
64	26	0.5773651990744284
64	27	0.5673616269290811
64	28	0.6045199165757005
64	29	0.5620215706471008
64	30	0.5743368410207879
64	31	0.47175568560857073
64	32	0.4870540061847528
64	33	0.4864704751936131
64	34	0.32608308228287086
64	35	0.5411612118904685
65	1	2.7466701357781176E-5
65	2	-0.017460272429723034
65	3	0.007725401929153719
65	4	-0.0011905855796996434
65	5	0.17817210855793775
65	6	-0.009951602048509756
65	7	0.014984588640860608
65	8	0.007479471777461555
65	9	0.002242282663175388
65	10	0.006464700739503115
65	11	0.12873865909042692
65	12	0.012034417062785963
65	13	0.03331935081598303
65	14	0.07367794897195878
65	15	0.004306062718374193
65	16	0.22236808252789686
65	17	0.2466129483603332
65	18	0.5048178312768208
65	19	0.49142313401736004
65	20	0.5058177979877776
65	21	0.5116189223458356
65	22	0.040669987816929876
65	23	0.3122886045962794
65	24	0.3421588956087156
65	25	1.3871498390039996
65	26	0.5677492785403473
65	27	0.5372669871886409
65	28	0.5638374227172527
65	29	0.5611973919260649
65	30	0.5313830746045909
65	31	0.44675223570280664
65	32	0.4743794420992593
65	33	0.48231585208738537
65	34	0.2967642210668018
65	35	0.5229767536979217
66	1	0.0042413772195182275
66	2	0.00449855079097361
66	3	-0.0063530612647433315
66	4	4.967445611789856E-4
66	5	0.17248806909834613
66	6	0.016420112254433405
66	7	0.005401894513969552
66	8	0.001643039586838313
66	9	-0.011895224888188949
66	10	0.01904576880421871
66	11	0.12463163289176649
66	12	-0.00376153530942247
66	13	0.015009900655392983
66	14	-0.00529710661123417
66	15	0.03528792159320915
66	16	0.29353902842088075
66	17	0.26167074911626287
66	18	0.5042274740558668
66	19	0.47224509494329325
66	20	0.5340244425310523
66	21	0.4692323058083687
66	22	0.0468881898128366
66	23	0.28371692128137127
66	24	0.3256250722698226
66	25	1.370029825011244
66	26	0.5272305577766119
66	27	0.5559981889278411
66	28	0.5436513118801365
66	29	0.5566480619629459
66	30	0.6282880773282962
66	31	0.45509400525507715
66	32	0.4868009716624435
66	33	0.47069587936091395
66	34	0.2905087790282508
66	35	0.5068749148537002
67	1	-0.0022398280538844517
67	2	-0.009011395870917482
67	3	0.011867607107721057
67	4	0.004058436730407067
67	5	0.17662980767128644
67	6	0.008261367594101898
67	7	-0.006211519549637501
67	8	0.005342629740606952
67	9	-0.004858839016417704
67	10	0.005908363294278018
67	11	0.13537988255990996
67	12	0.01076281304933957
67	13	0.00969828008948781
67	14	0.006464334377263015
67	15	0.03934208836321673
67	16	0.2593712034734317
67	17	0.2941318582322552
67	18	0.4870647384656337
67	19	0.5143625454639498
67	20	0.49720984265519874
67	21	0.5369146921374508
67	22	0.045557646262896156
67	23	0.29051129555323385
67	24	0.286601259194768
67	25	1.3755958157583592
67	26	0.543509123936559
67	27	0.49525283142253684
67	28	0.5512776607492107
67	29	0.5249110340565046
67	30	0.5357597825475047
67	31	0.46356460236396657
67	32	0.4446722667636216
67	33	0.43912488538442673
67	34	0.29591880108173285
67	35	0.4812310072860342
68	1	0.00289762945434191
68	2	0.01353318676546067
68	3	0.015271670130434956
68	4	0.012227985643157524
68	5	0.16416117064544267
68	6	-5.73548501510146E-4
68	7	0.0020905632216354775
68	8	-0.00945091420802413
68	9	0.010407510198497505
68	10	0.003579409536115463
68	11	0.11727332938449209
68	12	0.00222196699095889
68	13	0.001006352177117975
68	14	0.020170291318933664
68	15	0.0400580409882636
68	16	0.26772184826920054
68	17	0.23841806391940779
68	18	0.4467950168879078
68	19	0.490412699243695
68	20	0.4964126160863742
68	21	0.5133806582519505
68	22	0.03995277926888363
68	23	0.2809998834774774
68	24	0.29376651846201796
68	25	1.3650804512733892
68	26	0.5293199074038881
68	27	0.5133027289027083
68	28	0.49458014820401885
68	29	0.5212658470927103
68	30	0.5514921923030762
68	31	0.4582527936983425
68	32	0.46285638428372167
68	33	0.46116057847243397
68	34	0.3128831349726333
68	35	0.47795947812183925
69	1	0.0017605193553755782
69	2	0.0032959491432578147
69	3	0.005318950919505738
69	4	0.009409717981778698
69	5	0.1651162752614148
69	6	0.006403405151083064
69	7	0.009261818043555081
69	8	-0.012946010177216749
69	9	0.0027215332297636508
69	10	0.00515174922717776
69	11	0.13372837199836596
69	12	-0.0013361574623331762
69	13	-0.044556476056964556
69	14	0.02149018192712404
69	15	0.008152368801734866
69	16	0.2528640090255614
69	17	0.2829213894103155
69	18	0.48233958382838793
69	19	0.4820030781938165
69	20	0.4720427752474379
69	21	0.49596236277341177
69	22	0.0434783107274086
69	23	0.2820433620297784
69	24	0.25661882024801486
69	25	1.3852501736380454
69	26	0.527185966952711
69	27	0.5606721851610672
69	28	0.4910329579045012
69	29	0.5041082536790071
69	30	0.5075832071936368
69	31	0.4688287387276162
69	32	0.47226459520480546
69	33	0.46964946166383115
69	34	0.25665045785609664
69	35	0.42273779129611455
70	1	0.0018559732339049617
70	2	0.015626464909274773
70	3	0.006723353394072262
70	4	0.002337182169327434
70	5	0.1600982350376725
70	6	0.018177976647997696
70	7	-4.0997162531297704E-4
70	8	0.003901226516894951
70	9	-0.003466189872703751
70	10	0.022999200878949466
70	11	0.11973878579279429
70	12	0.003705373364329745
70	13	0.005339615311786616
70	14	0.012545295915273869
70	15	-0.0046556027902973085
70	16	0.23848757360523365
70	17	0.2758495993312913
70	18	0.48629569965346775
70	19	0.456806050761827
70	20	0.48215827630479424
70	21	0.5078950297566429
70	22	-0.05411489057009433
70	23	0.2932580741571016
70	24	0.25197681610434586
70	25	1.3867724019939267
70	26	0.5424753665198523
70	27	0.5479139912752231
70	28	0.508522271078423
70	29	0.5337313954278322
70	30	0.5225305015515858
70	31	0.4304348397219222
70	32	0.41043956551995464
70	33	0.46453149316100095
70	34	0.25126421175325575
70	35	0.454953475300524
71	1	0.0015147150841308132
71	2	0.01083541152685541
71	3	0.013871952426445233
71	4	0.010444311762260128
71	5	0.17246453803353035
71	6	0.02085910373669364
71	7	0.017389998629621317
71	8	0.0020434062651588647
71	9	-0.005949695071027605
71	10	0.01740183190471356
71	11	0.11989716995446287
71	12	0.020754363818490162
71	13	0.02995849628250724
71	14	0.007772791655000333
71	15	0.0074217659512960665
71	16	0.2901257331999716
71	17	0.3001241063982363
71	18	0.4982762307607409
71	19	0.4886634721970502
71	20	0.49305194933009133
71	21	0.5550319218626498
71	22	0.021907679121014212
71	23	0.31741270778181985
71	24	0.22266405173262172
71	25	1.3598470529671651
71	26	0.5649589381875941
71	27	0.5382044294000856
71	28	0.5530288644293186
71	29	0.5539021221296778
71	30	0.5896097148195452
71	31	0.443379322801718
71	32	0.4583774556642837
71	33	0.47374795580809703
71	34	0.31115407192652356
71	35	0.5025839236118266
72	1	0.014399712064548709
72	2	0.009361124447355706
72	3	-0.0067015362882756335
72	4	-0.012507182434163155
72	5	0.16637277585730814
72	6	0.010920524069444326
72	7	0.010718376747924196
72	8	0.01015148746874317
72	9	0.00810812830652452
72	10	0.021351016616989682
72	11	0.13130107749545772
72	12	0.009101589451109504
72	13	2.578987236034891E-5
72	14	0.030741540618056007
72	15	0.03580220700967729
72	16	0.25527591603413313
72	17	0.23864952067854617
72	18	0.4878900226284344
72	19	0.509840048187705
72	20	0.5063490697749984
72	21	0.48053031916028743
72	22	0.08459706677589551
72	23	0.32502239168776725
72	24	0.29846457335748866
72	25	-1.050773919538031
72	26	0.49217418476484553
72	27	0.51271482539698
72	28	0.5750082848018891
72	29	0.533644528373248
72	30	0.4858063660675285
72	31	0.4140458877095021
72	32	0.3996837078626072
72	33	0.4224450550163681
72	34	0.2582156183518016
72	35	0.39731690609823644
73	1	2.6247657649847156E-4
73	2	0.005039665405234928
73	3	-0.006925364219892316
73	4	-0.0016757538326430677
73	5	0.16692813245470361
73	6	0.002511703668979237
73	7	0.007961343284328848
73	8	0.006642392154912358
73	9	0.003246848958735171
73	10	0.00987259362959847
73	11	0.11022385949231861
73	12	0.010055623093762733
73	13	-0.00496925958044514
73	14	0.03736474077815899
73	15	0.04138895218289207
73	16	0.26841751221694565
73	17	0.27624866328590514
73	18	0.4956879244390713
73	19	0.5175776481202945
73	20	0.46222968785608387
73	21	0.5001360660082632
73	22	0.08198249320760098
73	23	0.2904573025252546
73	24	0.2793665209238192
73	25	-1.8061231437767518
73	26	0.5430550135075123
73	27	0.5471790603267799
73	28	0.535495281715697
73	29	0.5425531433786723
73	30	0.530544829712607
73	31	0.4529616652087398
73	32	0.4445296089148627
73	33	0.40580226332907543
73	34	0.29219559496836567
73	35	0.4372299028645834
74	1	-0.00686576000610728
74	2	-0.010365428802369792
74	3	0.018675272631345052
74	4	0.006283983195178422
74	5	0.16376606164415364
74	6	0.0013720170150470778
74	7	0.011481793497200243
74	8	0.004279898918444047
74	9	0.012367755327346686
74	10	0.01637341529217906
74	11	0.13222193006595617
74	12	0.02319148301861418
74	13	9.434986258902711E-4
74	14	0.014947657424329464
74	15	0.02517022630699728
74	16	0.24618995836215873
74	17	0.25264591631280453
74	18	0.46197104818235957
74	19	0.4909258654086379
74	20	0.5165819898665198
74	21	0.47694399974521673
74	22	0.02163551769886851
74	23	0.26046827475737544
74	24	0.2846116092688611
74	25	1.3265233124331992
74	26	0.48096753881743126
74	27	0.5063964882066898
74	28	0.5254114691210212
74	29	0.522426776994461
74	30	0.5349416530857702
74	31	0.4427525704028312
74	32	0.4158822452119679
74	33	0.4220272131609768
74	34	0.26432421803856343
74	35	0.4386642235649596
75	1	-0.0015168901620761233
75	2	-0.008114505808851646
75	3	-0.015470692092481642
75	4	-0.013345466582567411
75	5	0.1533939062157792
75	6	-0.0039028518174042404
75	7	0.0014833785120451637
75	8	4.114531315053682E-4
75	9	-0.00712853301209293
75	10	0.015067847649902433
75	11	0.12236879128225908
75	12	0.0032520972169152174
75	13	0.012832321444452788
75	14	-0.003731288227832863
75	15	0.03328338223308336
75	16	0.2616031676941617
75	17	0.2588614965039575
75	18	0.4702380616004689
75	19	0.4975906004436226
75	20	0.44801939641878974
75	21	0.47958865254115324
75	22	0.00186230606506399
75	23	0.23572366910805798
75	24	0.26764942651159984
75	25	1.3272149644527822
75	26	0.49918380147357055
75	27	0.5207823656234574
75	28	0.4649731367989318
75	29	0.559871591724395
75	30	0.5222252909876133
75	31	0.4114730595969682
75	32	0.40524800707408914
75	33	0.3860266801113994
75	34	0.2218105864061073
75	35	0.398190819003549
76	1	0.007429814715848693
76	2	0.010249856702987614
76	3	-0.0040595207896565455
76	4	-6.373285229344106E-4
76	5	0.1688223504446107
76	6	-0.012063670504584678
76	7	-0.006943960704703045
76	8	-0.003036144640105931
76	9	-0.005570436028566661
76	10	2.3822613900037481E-4
76	11	0.12183065938154769
76	12	0.01120988116359456
76	13	0.022280025025708028
76	14	0.03869398869897367
76	15	0.006253908256766749
76	16	0.22548564312086583
76	17	0.2502371117720905
76	18	0.4864838354533063
76	19	0.5118470530853223
76	20	0.465931472593752
76	21	0.5108917382898923
76	22	0.029894476191007158
76	23	0.25914563299502547
76	24	0.26895397962055867
76	25	1.3086125302319473
76	26	0.5506035972609489
76	27	0.4863109796468308
76	28	0.5136623449135342
76	29	0.49353692778482383
76	30	0.5394241502398174
76	31	0.3771254509449342
76	32	0.4009412549212108
76	33	0.3828345228023977
76	34	0.24800276667380672
76	35	0.38028812594835415
77	1	-1.8287914548054118E-4
77	2	-0.0062817741683183215
77	3	-0.01472372370107422
77	4	-0.01512319241932758
77	5	0.17056676225482548
77	6	-0.0010498066177255794
77	7	0.0025717477212623407
77	8	0.008451501526188565
77	9	0.008583742533307515
77	10	-0.002165246158945422
77	11	0.128548404676053
77	12	-0.0049412818603720154
77	13	-0.015809364956517413
77	14	0.030931729560148113
77	15	-0.004863042454818611
77	16	0.2053472247269994
77	17	0.25172539552741213
77	18	0.4861229719789968
77	19	0.49615682124722227
77	20	0.4887780355022393
77	21	0.4983177278091979
77	22	-0.0055397030700312655
77	23	0.2373772510152392
77	24	0.2587543626109543
77	25	1.332901951160082
77	26	0.47231539073136375
77	27	0.47035425148360943
77	28	0.49212812296779873
77	29	0.48052812528229794
77	30	0.4758264121117364
77	31	0.4098987189224097
77	32	0.36036439376208307
77	33	0.35097499339871874
77	34	0.15759790558379905
77	35	0.3613503611924891
78	1	-0.0015651664576381563
78	2	-0.009375875701948644
78	3	0.0074814938868250636
78	4	-0.011790420864297602
78	5	0.17029058977152545
78	6	0.008648607093441285
78	7	-0.006740519268717549
78	8	0.01216630343719416
78	9	0.017354272113191627
78	10	0.021091663160060392
78	11	0.11248138027614019
78	12	0.018948815463165403
78	13	0.028477282409674842
78	14	-0.0018673299137290655
78	15	0.006846809368699525
78	16	0.25365560048528124
78	17	0.25008247105258263
78	18	0.4716268554529286
78	19	0.4516697385595769
78	20	0.4460991058141879
78	21	0.5099685454143241
78	22	0.0373488841807621
78	23	0.2493927033752783
78	24	0.23482789086790135
78	25	1.2912608402607688
78	26	0.4992724572005294
78	27	0.5013137310927185
78	28	0.46750289823009084
78	29	0.43945465718761056
78	30	0.48677089706895416
78	31	0.37222192499461926
78	32	0.3833492667532177
78	33	0.39398986202650477
78	34	0.18525186476718858
78	35	0.37873966896551536
79	1	-0.007552576091956809
79	2	0.0010359594223814383
79	3	0.0020557906518767766
79	4	0.006315962252614327
79	5	0.17604644179896667
79	6	-0.018180412860669293
79	7	0.01413239706924685
79	8	0.0012192759921347829
79	9	0.013078852180875344
79	10	-0.015347116287792062
79	11	0.12654605942054076
79	12	-0.012889999056934442
79	13	0.00824007031415519
79	14	-0.012388587591129152
79	15	0.027397042043105557
79	16	0.250019686664789
79	17	0.2548697572528731
79	18	0.49011227702638394
79	19	0.5128635390095937
79	20	0.4862480147410402
79	21	0.4761497292023904
79	22	0.0399464124270672
79	23	0.2571494475747329
79	24	0.2947813314329615
79	25	1.2996947726419883
79	26	0.4888209400645529
79	27	0.5019631577074506
79	28	0.5272763044389244
79	29	0.5010951376868711
79	30	0.49848008051612425
79	31	0.37908043795043866
79	32	0.3488749844986323
79	33	0.34427000435582045
79	34	0.16499869274083423
79	35	0.3656450407534919
80	1	0.005282876527072489
80	2	0.0011604329549754766
80	3	0.007908276119408697
80	4	-0.006805568385534144
80	5	0.17733320099944194
80	6	7.26838554204079E-4
80	7	-0.0038856646736498135
80	8	0.0106429029665982
80	9	0.012326999687594764
80	10	0.016102545206937435
80	11	0.10962276893301492
80	12	-1.7659323971486174E-4
80	13	0.027648254205264067
80	14	0.0113425311116373
80	15	-0.016161354984017606
80	16	0.23512563634970363
80	17	0.2722690815642146
80	18	0.47935749943468053
80	19	0.48743339308652267
80	20	0.4769552733927007
80	21	0.5133804553074697
80	22	0.047960562595616096
80	23	0.2716848941604759
80	24	0.24060330401626828
80	25	1.3213682801246236
80	26	0.48573372418885796
80	27	0.45533070439351064
80	28	0.4374563098582307
80	29	0.503329979172225
80	30	0.519113171567021
80	31	0.37573154947008547
80	32	0.3952064245479079
80	33	0.3606632021386815
80	34	0.2187398691575737
80	35	0.38194973191609094
81	1	-0.006574772359805081
81	2	-0.005740712362847233
81	3	-0.011768842591106221
81	4	-0.00568369533725388
81	5	0.1664459417863604
81	6	0.009972384143477342
81	7	-0.004219144391989005
81	8	-0.00264163279015861
81	9	0.01467047298276114
81	10	0.01951269783744536
81	11	0.11794740220767608
81	12	-0.003914045746665096
81	13	0.0021546683017916735
81	14	0.009842683483363146
81	15	0.029839997628876347
81	16	0.26589684585677276
81	17	0.22210421496961885
81	18	0.5151127900552659
81	19	0.45086695959301437
81	20	0.4764280556309082
81	21	0.5169745741064311
81	22	-0.014975410766176367
81	23	0.23944338439419965
81	24	0.28207850180017857
81	25	1.3160995014197425
81	26	0.5173134501360437
81	27	0.4507920740086959
81	28	0.4489466443923824
81	29	0.45395968574947076
81	30	0.47106563467819385
81	31	0.37546044753088736
81	32	0.32769744543075063
81	33	0.37795389765285137
81	34	0.19778012426144898
81	35	0.34984885217697226
82	1	-0.008114094418854023
82	2	-0.024020994162849973
82	3	0.004791759059134648
82	4	-0.00315639905342735
82	5	0.1641581717010716
82	6	-0.003522510466897444
82	7	-0.009428981898480515
82	8	0.002347132879400249
82	9	-0.0017480110580194719
82	10	-0.002768755909645648
82	11	0.11975345637979018
82	12	0.010046012926789416
82	13	0.048138561639387234
82	14	0.006214403791343415
82	15	0.014787136346697594
82	16	0.25614552313564687
82	17	0.2690998639258062
82	18	0.45204776791954515
82	19	0.5164071491973132
82	20	0.4950722878819036
82	21	0.4948401844987096
82	22	0.030873975007985166
82	23	0.23829331618916427
82	24	0.2807632955964685
82	25	1.289929504406686
82	26	0.4511652178546086
82	27	0.5020740813866347
82	28	0.4349563357859907
82	29	0.4958489938250601
82	30	0.4596475216271543
82	31	0.41223999020517255
82	32	0.3822245666835187
82	33	0.3510533362217032
82	34	0.18713899690922986
82	35	0.31814673220840106
83	1	0.007996308406458041
83	2	-0.011884156623864328
83	3	-0.010719195712226792
83	4	0.005535824649239629
83	5	0.17051587615918606
83	6	0.006271714333308864
83	7	0.0011887370295902144
83	8	-0.007522694233728089
83	9	0.003920044487554009
83	10	0.01129372813501206
83	11	0.11758213072216606
83	12	0.00828537537123708
83	13	0.017419061348359577
83	14	-0.002353543172819883
83	15	0.009922795034214005
83	16	0.24853620139693788
83	17	0.21049082545939513
83	18	0.4740307193899689
83	19	0.4784205609492922
83	20	0.46371124580291934
83	21	0.43186202067050417
83	22	-0.030997195473908334
83	23	0.24036487251137473
83	24	0.21957950482312683
83	25	1.330509528074483
83	26	0.4590391287785174
83	27	0.4453208357630771
83	28	0.46348053249723264
83	29	0.4609831661839614
83	30	0.5086913357959908
83	31	0.3272924523104095
83	32	0.3225906800552174
83	33	0.33228111929639326
83	34	0.13977942376162744
83	35	0.3093179402456201
84	1	-0.004634227825047077
84	2	-0.014277819924565449
84	3	-0.011879492660259672
84	4	-0.011964034108356003
84	5	0.16358893426442833
84	6	-0.002313752388097612
84	7	0.007523025789332394
84	8	0.01091584272093371
84	9	0.006158943776068071
84	10	0.01424204094739423
84	11	0.12243062470147237
84	12	7.923715784059482E-4
84	13	0.04185057008090709
84	14	0.020334356307781576
84	15	0.01418793904496951
84	16	0.259826818004786
84	17	0.22102916618127466
84	18	0.4906477566139351
84	19	0.4797142283931066
84	20	0.4658391850573871
84	21	0.43726844098530293
84	22	-0.014178313435799339
84	23	0.22966506347110638
84	24	0.22543703454994457
84	25	1.2507299415569157
84	26	0.4694612740811728
84	27	0.47136540809990635
84	28	0.4664820277835027
84	29	0.4404236202688807
84	30	0.44185098491218966
84	31	0.31007383543137834
84	32	0.3301935139428487
84	33	0.3298042548024753
84	34	0.1511524882698616
84	35	0.34655019172489787
85	1	-0.005187331202172629
85	2	-0.014505221606132324
85	3	-0.006882182278335591
85	4	0.002146218126238608
85	5	0.1627066658479137
85	6	0.004693255356528425
85	7	0.005455556904159664
85	8	0.008611982197894719
85	9	-0.005308850810799015
85	10	0.008400706307323702
85	11	0.11888467644530465
85	12	0.011392782758374409
85	13	0.03518451748229623
85	14	-0.0190565373086109
85	15	0.0314084950958744
85	16	0.23798608760768047
85	17	0.2267559894107336
85	18	0.4784753557797856
85	19	0.46025473109377657
85	20	0.44417272717385714
85	21	0.4546598062059637
85	22	0.025412422487921305
85	23	0.21924312503020005
85	24	0.21007850477624146
85	25	1.2572415437587203
85	26	0.4578765363742008
85	27	0.4358880930019353
85	28	0.44593371413719396
85	29	0.45517090670215055
85	30	0.4669639857153882
85	31	0.31128541626361184
85	32	0.3344514372629419
85	33	0.2851862174130986
85	34	0.15520224251982384
85	35	0.2401267942582983
86	1	-0.0014059037731790625
86	2	-0.019003348450752355
86	3	-0.029570347799186436
86	4	-0.0031320575811619733
86	5	0.17142198613593607
86	6	0.006020905109195951
86	7	-0.018681969573012935
86	8	0.013063020773564915
86	9	0.017305090828479308
86	10	-0.002167417648156089
86	11	0.10753440836141337
86	12	0.003025835849999936
86	13	-0.01354625414279198
86	14	0.0030262646189740394
86	15	0.012791469574032988
86	16	0.22571560301352633
86	17	0.27495402511162226
86	18	0.4928548361487657
86	19	0.4806208064701245
86	20	0.5104043727252936
86	21	0.45670774685239834
86	22	-0.006734898349197493
86	23	0.24280721216424794
86	24	0.18677460028082749
86	25	1.2771762427050604
86	26	0.4871638434519667
86	27	0.476901177155856
86	28	0.48667743743056135
86	29	0.5489775223645097
86	30	0.47041220378355675
86	31	0.3204269252909917
86	32	0.3390672847799543
86	33	0.3184437040488106
86	34	0.11932577021331525
86	35	0.28497398085394465
87	1	-0.014427125312547417
87	2	-0.006668727076235115
87	3	-0.014844963208670237
87	4	-0.004032091351376721
87	5	0.17364643697725768
87	6	0.007850779567643684
87	7	-0.009468654866569892
87	8	0.0030171031432999484
87	9	-0.002885954713093497
87	10	-0.005970904582696335
87	11	0.12461684074472856
87	12	-0.023867017594387363
87	13	-0.02393893289161042
87	14	0.0018077242045748676
87	15	0.004324368868473982
87	16	0.2550191274806757
87	17	0.2491253626550609
87	18	0.45732734593326896
87	19	0.48319249329512104
87	20	0.5054031846493032
87	21	0.4189815580960712
87	22	-0.012689085919824095
87	23	0.22850582732972313
87	24	0.22799238091104357
87	25	1.31374790651736
87	26	0.4754917319697114
87	27	0.49054200635071155
87	28	0.4835269448219286
87	29	0.4659027013384325
87	30	0.42838959983878055
87	31	0.3076203245197746
87	32	0.3213124981852502
87	33	0.3084958825929789
87	34	0.10891433429243591
87	35	0.25709822967668927
88	1	-0.028111736602916437
88	2	-0.016051354553908936
88	3	-0.010853162730114718
88	4	-0.009754366305656959
88	5	0.18090971481399265
88	6	-0.027625302372271676
88	7	0.0012034745096407562
88	8	0.0018096764971495816
88	9	0.014907075948343618
88	10	-2.6511016447017255E-4
88	11	0.10671628640934827
88	12	-5.127155378126247E-4
88	13	0.007134590308652378
88	14	-0.0048765702083777285
88	15	-6.843861889223035E-4
88	16	0.22877663876693433
88	17	0.22469989851696326
88	18	0.45141954671058215
88	19	0.45203607627280107
88	20	0.44755353807130405
88	21	0.4184044482873155
88	22	-0.030882324388812776
88	23	0.2348650222500801
88	24	0.2542031273119747
88	25	1.2785499381709045
88	26	0.44262881546781685
88	27	0.39691486228936057
88	28	0.4484702797911879
88	29	0.4400039755057925
88	30	0.4859632974853376
88	31	0.2879096579748648
88	32	0.27370834247074427
88	33	0.2740938913949691
88	34	0.12205721617428722
88	35	0.24821154627724695
89	1	-0.00933376000459063
89	2	1.6384494653465254E-4
89	3	-0.004132225264900313
89	4	0.008597752155033334
89	5	0.1716581249459992
89	6	0.012487232189531738
89	7	0.011302912796633535
89	8	-0.009249921294504304
89	9	-0.009704917185210604
89	10	0.0053423502712988125
89	11	0.13414096313177382
89	12	6.086762715860061E-4
89	13	-0.03148172852074538
89	14	-0.006948523508739868
89	15	0.017022982120241892
89	16	0.24384054219888185
89	17	0.2256868465076174
89	18	0.462902388255543
89	19	0.4677217734130643
89	20	0.5010743187021127
89	21	0.4463219901758393
89	22	-0.008175859295715071
89	23	0.23562376672101593
89	24	0.2523772842733081
89	25	1.2870485853523626
89	26	0.447024992249478
89	27	0.467317975999606
89	28	0.4804282631253116
89	29	0.43591647514228526
89	30	0.4511421693634574
89	31	0.3213726671584425
89	32	0.33716195706121255
89	33	0.29362223210898364
89	34	0.13360326851841364
89	35	0.30297788406630133
90	1	-0.005755331338022529
90	2	0.009364886965791186
90	3	0.00772457368537971
90	4	-0.003597461990821671
90	5	0.17414560144415248
90	6	-0.0035861345131813493
90	7	-0.005280465932120393
90	8	0.0018995934630368083
90	9	1.0003013827386553E-4
90	10	0.005786783209391189
90	11	0.11889705243002169
90	12	0.019937105045134018
90	13	0.01538538834867964
90	14	-0.003971147331260028
90	15	-0.007716309802482613
90	16	0.24069131956960987
90	17	0.1806714919433503
90	18	0.4676383823239689
90	19	0.4874218883387229
90	20	0.4956486209142277
90	21	0.48991603657887595
90	22	6.277142546373682E-4
90	23	0.20164641750263712
90	24	0.18764919107639955
90	25	1.2872172580473134
90	26	0.4176785465219339
90	27	0.4399566260246601
90	28	0.4327463109325045
90	29	0.45149070617666354
90	30	0.3564977449552842
90	31	0.3092728796789075
90	32	0.30878824997486376
90	33	0.2577843481789053
90	34	0.09773061590385979
90	35	0.22138876190747325
91	1	-0.012435665503058857
91	2	-0.015096120932749812
91	3	-1.9632434342753413E-4
91	4	5.5044511835689036E-5
91	5	0.16518168258035715
91	6	-0.005166955516628491
91	7	-0.007608761361986183
91	8	-0.004811360136336873
91	9	-0.006963258855151366
91	10	0.01942943639926753
91	11	0.11073570178452385
91	12	-0.007283942902354568
91	13	-0.031378328151379975
91	14	-0.0037390647329509363
91	15	0.01386694804175903
91	16	0.24842892479080803
91	17	0.21849740615595792
91	18	0.5098601984060593
91	19	0.4883244729792082
91	20	0.4841261781402544
91	21	0.4588512431011331
91	22	-0.05818617997587694
91	23	0.23505545182500853
91	24	0.20134010430897575
91	25	1.2373758116233766
91	26	0.4237336191238974
91	27	0.3970889941571407
91	28	0.41267670204545226
91	29	0.37422261660687184
91	30	0.3870447097641261
91	31	0.26798061241044735
91	32	0.2556584987974979
91	33	0.23562504236068094
91	34	0.054448297302819526
91	35	0.1751337624107343
92	1	-0.007441644172835993
92	2	-0.004676727353725596
92	3	-0.012593308016509042
92	4	0.009664520670831678
92	5	0.16492991342872898
92	6	-0.002121524146151188
92	7	-0.012742828304830311
92	8	-0.01217869821348927
92	9	0.010437812741535879
92	10	0.006774059443159786
92	11	0.12536606090893798
92	12	0.003407613807642207
92	13	0.0024541360906980003
92	14	-0.06771581246698943
92	15	-0.001701064705780908
92	16	0.19549371740203014
92	17	0.1821430255578811
92	18	0.432950851208993
92	19	0.46351089403142964
92	20	0.4437147517743867
92	21	0.4294404126462972
92	22	-0.10192724946014664
92	23	0.2121220308653733
92	24	0.20643698223066664
92	25	1.240438090194182
92	26	0.3843856005606803
92	27	0.43886243582371165
92	28	0.359085705648301
92	29	0.36835222790857713
92	30	0.3050162651180024
92	31	0.23881018055098124
92	32	0.2357430738294788
92	33	0.18341994986407428
92	34	0.011931179530193958
92	35	0.18166364337196228
93	1	-0.019749417140438652
93	2	-0.03158214140607285
93	3	-0.016374261565040626
93	4	-0.0027639644450800915
93	5	0.15479218594296995
93	6	0.0019183823377737497
93	7	-0.009642404535597393
93	8	-6.282147657827863E-4
93	9	0.0047568070727734835
93	10	-0.013044447461108888
93	11	0.11862193021666201
93	12	3.210559765562948E-4
93	13	0.007664641699836494
93	14	-0.029867975597817065
93	15	-0.013377492731279972
93	16	0.21915015901196355
93	17	0.18694111107472366
93	18	0.4542336011813788
93	19	0.42504976410188533
93	20	0.41810295126452957
93	21	0.46173235123578493
93	22	-0.05074770549672536
93	23	0.19022844707447462
93	24	0.2127821924987252
93	25	1.2552097618837195
93	26	0.3748252193447037
93	27	0.38045795322229736
93	28	0.39579883785855685
93	29	0.4645106775941379
93	30	0.37284649852464824
93	31	0.2669195766286805
93	32	0.19680851367979812
93	33	0.2045727786122562
93	34	-0.016565259356781326
93	35	0.15194365317335112
94	1	-0.0029632032508324357
94	2	-0.013072552429441942
94	3	-0.016438649656393522
94	4	-0.02624622186930381
94	5	0.1492131565560868
94	6	8.527196801821901E-4
94	7	-0.010330800672758045
94	8	-0.007024575455467641
94	9	-0.0014785038970650533
94	10	-0.006438706237325675
94	11	0.11544211240157409
94	12	-0.0022309382021248325
94	13	-0.04603168784509393
94	14	-0.028145236442558286
94	15	-0.051505735685196896
94	16	0.20584217391884252
94	17	0.1835280652842961
94	18	0.4328802843282169
94	19	0.41315322956435097
94	20	0.3980904965408847
94	21	0.41719518793979304
94	22	-0.056379358237279575
94	23	0.11739661271180779
94	24	0.21325119217646815
94	25	1.1909450412954428
94	26	0.3509046459504681
94	27	0.4138772804287463
94	28	0.41431796581168356
94	29	0.36535063216953034
94	30	0.3089221604143546
94	31	0.21628812023205768
94	32	0.14845258012639917
94	33	0.11193612124768393
94	34	-0.011674944072940008
94	35	0.15421170381831928
95	1	-0.022937886224735138
95	2	-0.01133683302933619
95	3	-0.01756809958598282
95	4	-0.009260627737386784
95	5	0.15083537562610871
95	6	-0.03590472715263715
95	7	-0.00807248259533111
95	8	0.0014627740177601822
95	9	-0.01351403447197086
95	10	-0.009575832089517178
95	11	0.10511263035763463
95	12	-0.02388326817984776
95	13	-0.049081863770606304
95	14	-0.010957182262387732
95	15	-0.013412465070050672
95	16	0.20553552204847136
95	17	0.19114073234424822
95	18	0.43498395423921465
95	19	0.47936395916414654
95	20	0.36952427227163653
95	21	0.4712300717849516
95	22	-0.031215129183248536
95	23	0.22402805725367259
95	24	0.18219520647264176
95	25	1.276878066369072
95	26	0.3927905517798891
95	27	0.4201404253906702
95	28	0.4328271405627362
95	29	0.4307633158790196
95	30	0.3679356680114161
95	31	0.2526813188014678
95	32	0.21840088723142514
95	33	0.22329311448113742
95	34	0.02899445612171192
95	35	0.22307313683985086
96	1	-0.016741673420732184
96	2	-0.02879232594311887
96	3	-0.0249957961519911
96	4	-0.017626146552924382
96	5	0.15869702361301563
96	6	0.0014863677311574008
96	7	-0.015690991480507677
96	8	-0.012617641420806791
96	9	-0.017374036871782295
96	10	-0.010740103001509738
96	11	0.1096330328408115
96	12	-0.004682045537506951
96	13	-0.014143812365855268
96	14	-0.009291295986532333
96	15	-0.017811974641791295
96	16	0.21775382577657254
96	17	0.2293221420819016
96	18	0.4690662823119034
96	19	0.4011070003787047
96	20	0.427015166960377
96	21	0.4398421219212274
96	22	-0.021951935391008703
96	23	0.22371725420897803
96	24	0.16637267004914236
96	25	1.2233216044174107
96	26	0.391032642541596
96	27	0.3608807952327595
96	28	0.344407057543588
96	29	0.3890728540590729
96	30	0.32559518124603315
96	31	0.1839609161378526
96	32	0.15912276226243804
96	33	0.17334629834030935
96	34	-0.0333831285281363
96	35	0.1491791490969483
97	1	-0.014922663482398235
97	2	-0.012128746385496214
97	3	-0.004014677360288488
97	4	-0.014725903323579814
97	5	0.15700343536082073
97	6	-0.005863301808318511
97	7	-0.0181754895045394
97	8	0.007695031713222278
97	9	-0.008313549503814244
97	10	-0.004545502881402541
97	11	0.08932716900040916
97	12	-0.00559792992065411
97	13	-0.005736432549717563
97	14	-0.016239801838363377
97	15	-0.03706941360593419
97	16	0.21450696198933983
97	17	0.1387206042682756
97	18	0.38409689008675585
97	19	0.44100574687028526
97	20	0.4508045347367222
97	21	0.4240531926909057
97	22	-0.037325050635278245
97	23	0.18776064165234985
97	24	0.11641546198883646
97	25	1.215171498973092
97	26	0.37466657409086324
97	27	0.35668465401131044
97	28	0.38113600907125544
97	29	0.3798054054333022
97	30	0.33072010324007195
97	31	0.15972970086395932
97	32	0.16219612662368021
97	33	0.11671109909315547
97	34	-0.03894322628758218
97	35	0.09924738991181314
98	1	-0.009733653366360784
98	2	-0.013275581958978933
98	3	-0.008721324085858129
98	4	-0.002669135814624468
98	5	0.14174674647488317
98	6	-0.020638342925924036
98	7	-0.012631564891037783
98	8	-0.021635865687830602
98	9	-0.007214183531388585
98	10	-0.028346515493527846
98	11	0.0999178312357607
98	12	9.644953649896593E-4
98	13	-0.007130157756819244
98	14	-0.031673113080554316
98	15	-0.04628809191592964
98	16	0.17418707344646478
98	17	0.1723043076577646
98	18	0.4636849752645986
98	19	0.4048879914538439
98	20	0.43679146079755427
98	21	0.397118981945777
98	22	-0.025684093659023688
98	23	0.15474210935652621
98	24	0.17347681902102963
98	25	1.2128242924756236
98	26	0.3635246783546897
98	27	0.4118015975714897
98	28	0.3418480135574562
98	29	0.390208233899088
98	30	0.4045384679849029
98	31	0.23157833274439454
98	32	0.1547030858784737
98	33	0.1992086993736244
98	34	-0.06670783131732705
98	35	0.09688553019937629
99	1	-0.015204661201178027
99	2	-0.0026381698036139767
99	3	0.0092805280543935
99	4	-0.0016298329349986318
99	5	0.15780323163324184
99	6	-0.004221345160669188
99	7	-0.006648281575010628
99	8	-0.007430106216020249
99	9	-0.009640166628788194
99	10	0.0016295823589693725
99	11	0.11047791370639004
99	12	0.0031738475685614276
99	13	0.010724175211333176
99	14	-0.025658776641996894
99	15	-0.018614640355298917
99	16	0.23190310752756815
99	17	0.17975968411860777
99	18	0.44914807229961085
99	19	0.4005100400599986
99	20	0.4013197012212011
99	21	0.4102714275846253
99	22	-0.10587854683037534
99	23	0.12776442287747614
99	24	0.18207395345774557
99	25	1.206012746264534
99	26	0.3929949673198223
99	27	0.34109235772498536
99	28	0.3548874958850625
99	29	0.3756143440758386
99	30	0.24059313710815644
99	31	0.18799059372965488
99	32	0.12054963576204969
99	33	0.14684262657378966
99	34	-0.09781908583114429
99	35	0.03991760019378887
100	1	-0.005685330528681476
100	2	-3.4810352723013693E-4
100	3	-0.03503075856438542
100	4	-0.014847788529468886
100	5	0.14416319929005184
100	6	-0.013024158664009633
100	7	-0.016651385711814015
100	8	0.004587026302999675
100	9	0.0013763243641875533
100	10	-0.02473090509433362
100	11	0.0862472274904924
100	12	-0.004904329025276155
100	13	-0.04879026032262246
100	14	-0.054644702270103096
100	15	-0.07635875618911925
100	16	0.19882784438974355
100	17	0.22136767956036962
100	18	0.39491945462084743
100	19	0.33796991972411305
100	20	0.38009887629684513
100	21	0.3814319900590064
100	22	-0.06586830996756632
100	23	0.12307688679205242
100	24	0.1449514822826572
100	25	1.1711310239265096
100	26	0.32494227539628184
100	27	0.31988000195603306
100	28	0.3028023232696988
100	29	0.25000111233332234
100	30	0.32635950848471396
100	31	0.10179828539995484
100	32	0.09424771692764011
100	33	0.06733038536638603
100	34	-0.18460616514123984
100	35	0.013984563825538032
>>END_MODULE
>>Per sequence quality scores	warn
#Quality	Count
2	3.0
3	6.0
4	94.0
5	100.0
6	154.0
7	232.0
8	864.0
9	11887.0
10	58530.0
11	2439.0
12	21569.0
13	51822.0
14	1326.0
15	2673.0
16	7310.0
17	21512.0
18	61334.0
19	187169.0
20	1102339.0
21	4905676.0
>>END_MODULE
>>Per base sequence content	fail
#Base	G	A	T	C
1	36.80968842972677	10.974222775409626	15.41814489550242	36.79794389936118
2	25.419078554596297	21.19855107293897	31.521418465850527	21.860951906614208
3	28.231272173432536	24.684765775071426	22.46800120365901	24.615960847837027
4	30.1300644597617	31.230026725020622	16.750216986412543	21.889691828805137
5	28.760428513793375	31.462509392905652	18.911428064984538	20.865634028316435
6	22.881591986626148	33.10306182702948	19.392938274880734	24.62240791146364
7	19.693697676835576	14.220529035166635	39.53668759813324	26.549085689864548
8	23.386839818742747	19.724783398081012	24.47884811634666	32.40952866682958
9	23.053068344001023	19.18770416025132	27.346564157837168	30.41266333791049
10	25.063930791781747	34.62345031620905	19.930965153388073	20.38165373862113
11	29.931914347575027	22.370145652372152	17.575503270991522	30.1224367290613
12	25.242056168993226	19.909588865315246	25.945640534413418	28.90271443127811
13	24.015642645224005	23.493392563933142	27.974620162339363	24.51634462850349
14	25.11484504890061	23.19180218408329	26.31277561646585	25.38057715055025
15	25.694932074285166	23.504838876053434	24.957760035991743	25.842469013669657
16	26.045427016594648	23.61870946989354	24.247856718338298	26.08800679517352
17	25.7386986890894	24.404401407787056	24.013581551505983	25.84331835161756
18	25.606225707151424	24.214178640901977	24.318870598166427	25.860725053780172
19	26.147072046051807	23.92352519308365	24.197332830743495	25.73206993012105
20	25.96761985308969	24.29173692684027	24.210102431665476	25.530540788404565
21	25.42970557018176	24.278569316159466	24.559432704900043	25.732292408758727
22	25.96746753177146	24.236864382488836	24.169937038893828	25.62573104684588
23	25.890621100423335	24.786060732757992	24.06430970788347	25.259008458935206
24	25.604402163072276	24.806820305738928	24.19653613156857	25.392241399620218
25	25.745086521285472	24.586350965768066	23.676492367222433	25.99207014572403
26	26.024258327477252	24.682476342854674	24.114237639691815	25.179027689976262
27	25.728641107872974	24.716548855683254	24.12794684386227	25.426863192581507
28	25.836317063205705	24.121165680000395	24.274294548049742	25.768222708744158
29	25.878011775801408	24.34014220855241	24.012386746994462	25.769459268651723
30	25.26255555076668	24.379818620971648	24.43772517115513	25.91990065710655
31	25.545599061214514	24.293715381012504	24.53625511648271	25.62443044129027
32	25.72694076116691	24.35939024046839	24.488556628062053	25.425112370302642
33	25.488422973133357	24.257219394435378	24.7343070027259	25.52005062970537
34	26.090137131158247	24.21896335114258	23.958624352316534	25.732275165382635
35	26.23570963060621	24.55995707619945	24.043436646433328	25.160896646761017
>>END_MODULE
>>Per sequence GC content	pass
#GC Content	Count
0	478.0
1	373.5
2	269.0
3	269.0
4	438.5
5	608.0
6	608.0
7	1072.5
8	1537.0
9	1537.0
10	2576.5
11	3616.0
12	3616.0
13	5734.0
14	7852.0
15	7852.0
16	11513.0
17	15174.0
18	15174.0
19	21020.0
20	26866.0
21	35321.5
22	43777.0
23	43777.0
24	56845.5
25	69914.0
26	69914.0
27	87730.5
28	105547.0
29	105547.0
30	132760.0
31	159973.0
32	159973.0
33	189962.0
34	219951.0
35	219951.0
36	257024.0
37	294097.0
38	294097.0
39	341144.5
40	388192.0
41	427399.5
42	466607.0
43	466607.0
44	492570.0
45	518533.0
46	518533.0
47	550044.0
48	581555.0
49	581555.0
50	591763.0
51	601971.0
52	601971.0
53	598868.0
54	595765.0
55	595765.0
56	577216.5
57	558668.0
58	558668.0
59	522821.5
60	486975.0
61	436207.0
62	385439.0
63	385439.0
64	339695.0
65	293951.0
66	293951.0
67	252637.0
68	211323.0
69	211323.0
70	176395.5
71	141468.0
72	141468.0
73	118057.5
74	94647.0
75	94647.0
76	77525.5
77	60404.0
78	60404.0
79	49696.0
80	38988.0
81	32373.5
82	25759.0
83	25759.0
84	20521.5
85	15284.0
86	15284.0
87	13166.0
88	11048.0
89	11048.0
90	8805.5
91	6563.0
92	6563.0
93	4904.0
94	3245.0
95	3245.0
96	2042.5
97	840.0
98	840.0
99	497.5
100	155.0
>>END_MODULE
>>Per base N content	pass
#Base	N-Count
1	0.0
2	0.0
3	0.0
4	0.0
5	0.0
6	0.0
7	0.0
8	0.0
9	0.0
10	0.0
11	0.0
12	0.0
13	0.004287685689025654
14	0.0016311847729988899
15	1.0874565153325931E-4
16	1.090050875876315
17	1.090050875876315
18	2.2415896501481503
19	2.2417139308927596
20	2.242583896105026
21	2.2417139308927596
22	0.0032312993598454195
23	1.0899732004109344
24	1.0900819460624676
25	3.1791325172956073
26	2.2438422386441963
27	2.2422110538711975
28	2.2417139308927596
29	2.254965365286741
30	2.319731168321335
31	2.353116083342046
32	2.351205266893676
33	2.352028626826713
34	1.1882171290246961
35	2.338808262618884
>>END_MODULE
>>Sequence Length Distribution	pass
#Length	Count
35	6437039.0
>>END_MODULE
>>Sequence Duplication Levels	pass
#Total Deduplicated Percentage	94.05821449515611
#Duplication Level	Percentage of deduplicated	Percentage of total
1	95.724173932429	90.03644884108039
2	3.1265862983687187	5.881622493791623
3	0.7052532383422904	1.990045810962078
4	0.23795115918118642	0.8952504467854027
5	0.10626220341694002	0.49974165608592275
6	0.04383844170811141	0.24740193319889642
7	0.023353789220633463	0.1537631001052305
8	0.013131920296161295	0.09881319807597065
9	0.007724022843707473	0.06538570176590308
>10	0.011724994193277848	0.13152681814860606
>50	0.0	0.0
>100	0.0	0.0
>500	0.0	0.0
>1k	0.0	0.0
>5k	0.0	0.0
>10k+	0.0	0.0
>>END_MODULE
>>Overrepresented sequences	pass
>>END_MODULE
>>Adapter Content	pass
#Position	Illumina Universal Adapter	Illumina Small RNA 3' Adapter	Illumina Small RNA 5' Adapter	Nextera Transposase Sequence	SOLID Small RNA Adapter
1	1.55350930761799E-5	0.0	0.0	0.0	0.0
2	1.55350930761799E-5	3.10701861523598E-5	0.0	0.0	0.0
3	1.55350930761799E-5	3.10701861523598E-5	0.0	0.0	1.55350930761799E-5
4	3.10701861523598E-5	3.10701861523598E-5	0.0	0.0	1.55350930761799E-5
5	4.66052792285397E-5	4.66052792285397E-5	0.0	0.0	1.55350930761799E-5
6	6.21403723047196E-5	4.66052792285397E-5	0.0	0.0	1.55350930761799E-5
7	9.32105584570794E-5	1.0874565153325931E-4	0.0	0.0	1.55350930761799E-5
8	1.0874565153325931E-4	1.0874565153325931E-4	0.0	0.0	1.55350930761799E-5
9	1.5535093076179902E-4	1.0874565153325931E-4	0.0	1.55350930761799E-5	3.10701861523598E-5
10	2.0195620999033872E-4	1.0874565153325931E-4	0.0	1.55350930761799E-5	3.10701861523598E-5
11	2.3302639614269853E-4	1.0874565153325931E-4	0.0	1.55350930761799E-5	4.66052792285397E-5
12	2.7963167537123823E-4	1.0874565153325931E-4	0.0	1.55350930761799E-5	4.66052792285397E-5
13	3.1070186152359805E-4	1.0874565153325931E-4	0.0	1.55350930761799E-5	4.66052792285397E-5
14	3.5730714075213777E-4	1.0874565153325931E-4	0.0	1.55350930761799E-5	4.66052792285397E-5
15	4.0391241998067744E-4	1.0874565153325931E-4	0.0	3.10701861523598E-5	4.66052792285397E-5
16	4.3498260613303725E-4	1.0874565153325931E-4	0.0	3.10701861523598E-5	6.21403723047196E-5
17	4.6605279228539707E-4	1.0874565153325931E-4	0.0	3.10701861523598E-5	6.21403723047196E-5
18	5.903335368948363E-4	1.0874565153325931E-4	0.0	3.10701861523598E-5	6.21403723047196E-5
19	7.612195607328152E-4	1.0874565153325931E-4	0.0	3.10701861523598E-5	6.21403723047196E-5
20	0.0010408512361040534	1.0874565153325931E-4	0.0	3.10701861523598E-5	6.21403723047196E-5
21	0.0013981583768561913	1.0874565153325931E-4	0.0	4.66052792285397E-5	6.21403723047196E-5
22	0.002376869240655525	1.0874565153325931E-4	0.0	4.66052792285397E-5	6.21403723047196E-5
23	0.004831413946691949	1.0874565153325931E-4	0.0	4.66052792285397E-5	6.21403723047196E-5
>>END_MODULE
>>Kmer Content	fail
#Sequence	Count	PValue	Obs/Exp Max	Max Obs/Exp Position
ATCGAAT	310	0.0	13.331872	6
AAATCGA	370	0.0	13.0958	4
ACGATAT	180	5.0567905E-10	12.976471	27
GCGAATA	180	7.421477E-10	12.667834	2
TTGCGTC	275	0.0	12.192701	15
AATCGAA	600	0.0	11.876093	5
GTCGGAT	480	0.0	11.579192	1
CGCTAGG	275	3.6379788E-12	11.133086	12
TCGCTAG	255	1.1277734E-10	10.73638	11
CGGCGAT	320	0.0	10.688484	1
TCGAATA	385	0.0	10.365235	7
GAATCGT	220	1.7256752E-8	10.364591	4
GGCGAAT	445	0.0	10.248136	1
TATATCG	200	3.911082E-7	10.218645	26
CGACAAC	310	5.456968E-12	10.113834	1
CCGGTAT	255	1.5606929E-9	10.05975	1
CGGGAAT	460	0.0	9.913957	1
GCGAATC	205	7.621984E-7	9.732604	2
GTCGGGT	855	0.0	9.667557	1
TTCGGCG	295	1.9281288E-10	9.661907	6
>>END_MODULE
